2454218.702154 1.00564 0.00090
2454218.702544 0.99998 0.00090
2454218.702934 1.01111 0.00091
2454218.703734 1.00492 0.00087
2454218.704104 1.00413 0.00087
2454218.704494 1.01265 0.00089
2454218.704904 1.01061 0.00087
2454218.705284 1.00449 0.00087
2454218.705664 1.00240 0.00086
2454218.706014 1.00499 0.00085
2454218.706414 1.00835 0.00087
2454218.706804 1.00872 0.00087
2454218.707184 1.00441 0.00086
2454218.707574 1.00198 0.00086
2454218.707944 1.01014 0.00087
2454218.708354 1.00175 0.00087
2454218.708744 1.00968 0.00087
2454218.709154 1.00946 0.00086
2454218.709544 1.00259 0.00087
2454218.709934 1.00821 0.00087
2454218.710334 1.00745 0.00088
2454218.710714 1.00649 0.00089
2454218.711114 1.00323 0.00089
2454218.711524 1.00345 0.00087
2454218.711914 1.00964 0.00088
2454218.712294 1.01038 0.00088
2454218.712694 1.00700 0.00091
2454218.713064 1.00909 0.00087
2454218.713454 1.00868 0.00085
2454218.713834 1.00670 0.00085
2454218.714204 1.00243 0.00088
2454218.714604 1.00800 0.00090
2454218.714984 1.01262 0.00088
2454218.715374 1.00200 0.00087
2454218.715764 1.00091 0.00086
2454218.716154 1.00437 0.00086
2454218.716524 1.00740 0.00086
2454218.716914 1.00690 0.00084
2454218.717284 1.00398 0.00085
2454218.717674 1.00708 0.00087
2454218.718074 1.01021 0.00087
2454218.718444 1.00265 0.00085
2454218.718834 1.00379 0.00085
2454218.719214 1.00628 0.00085
2454218.719604 1.00111 0.00085
2454218.720004 1.00484 0.00086
2454218.720394 1.00468 0.00089
2454218.720764 1.00863 0.00088
2454218.721144 1.00249 0.00085
2454218.721534 1.00003 0.00085
2454218.721924 0.99881 0.00085
2454218.722304 1.00267 0.00085
2454218.722694 1.00640 0.00085
2454218.723084 0.99910 0.00085
2454218.723474 1.00464 0.00085
2454218.723864 1.00211 0.00085
2454218.724254 1.00169 0.00086
2454218.724634 1.00400 0.00085
2454218.725004 0.99792 0.00085
2454218.725394 0.99770 0.00085
2454218.725804 0.99745 0.00085
2454218.726174 0.99600 0.00084
2454218.726564 0.99836 0.00086
2454218.726954 0.99332 0.00084
2454218.727344 0.99782 0.00085
2454218.727724 0.99716 0.00084
2454218.728134 0.99860 0.00084
2454218.728524 0.99483 0.00084
2454218.728914 0.99591 0.00083
2454218.729294 0.99842 0.00086
2454218.729694 0.99569 0.00083
2454218.730074 0.99458 0.00084
2454218.730484 0.99541 0.00084
2454218.730874 0.99804 0.00084
2454218.731264 0.99324 0.00084
2454218.731664 0.99180 0.00084
2454218.732054 0.99656 0.00084
2454218.732444 0.98798 0.00083
2454218.732824 0.99786 0.00085
2454218.733234 0.99719 0.00083
2454218.733614 0.99387 0.00083
2454218.734014 0.99398 0.00083
2454218.734404 0.99598 0.00084
2454218.734774 0.99447 0.00084
2454218.735154 0.99230 0.00084
2454218.735524 0.99784 0.00085
2454218.735904 0.99463 0.00084
2454218.736304 0.98885 0.00083
2454218.736704 0.99819 0.00084
2454218.737104 0.99630 0.00084
2454218.737484 0.99870 0.00084
2454218.737884 0.99548 0.00083
2454218.738264 0.99345 0.00084
2454218.738654 0.99480 0.00083
2454218.739054 0.99409 0.00083
2454218.739424 0.99286 0.00083
2454218.739804 0.99141 0.00084
2454218.740174 0.99427 0.00084
2454218.740574 0.99511 0.00083
2454218.740954 0.99356 0.00084
2454218.741324 0.99124 0.00083
2454218.741724 0.99518 0.00083
2454218.742114 0.99455 0.00083
2454218.742504 0.99406 0.00083
2454218.742894 0.99391 0.00083
2454218.743304 0.99664 0.00084
2454218.743684 0.99107 0.00084
2454218.744074 0.99649 0.00083
2454218.744484 0.99049 0.00083
2454218.744864 0.99298 0.00083
2454218.745274 0.99316 0.00083
2454218.745654 0.99450 0.00082
2454218.746044 0.99285 0.00082
2454218.746424 0.99165 0.00083
2454218.746824 0.99060 0.00083
2454218.747204 0.99164 0.00082
2454218.747634 0.99053 0.00083
2454218.748014 0.99179 0.00083
2454218.748404 0.98747 0.00083
2454218.748824 0.99024 0.00083
2454218.749224 0.99522 0.00083
2454218.749634 0.98716 0.00083
2454218.750004 0.99536 0.00083
2454218.750404 0.99306 0.00084
2454218.750804 0.99735 0.00084
2454218.751204 0.99158 0.00083
2454218.751604 0.99063 0.00083
2454218.751974 0.98787 0.00083
2454218.752354 0.99246 0.00083
2454218.752734 0.99274 0.00083
2454218.753124 0.98819 0.00084
2454218.753514 0.99338 0.00083
2454218.753904 0.99659 0.00084
2454218.754284 0.99200 0.00083
2454218.754664 0.99500 0.00083
2454218.755074 0.99467 0.00082
2454218.755454 0.99221 0.00083
2454218.755874 0.98704 0.00083
2454218.756264 0.99261 0.00083
2454218.756644 0.99111 0.00084
2454218.757034 0.99219 0.00083
2454218.757424 0.99095 0.00084
2454218.757804 0.99253 0.00083
2454218.758214 0.99792 0.00085
2454218.758604 0.98981 0.00084
2454218.758984 0.99123 0.00083
2454218.759374 0.99285 0.00084
2454218.759784 0.99337 0.00083
2454218.760164 0.99279 0.00083
2454218.760564 0.99382 0.00083
2454218.760954 0.99134 0.00083
2454218.761344 0.98932 0.00084
2454218.761724 0.99228 0.00084
2454218.762144 0.99269 0.00084
2454218.762524 0.99822 0.00084
2454218.762944 0.99417 0.00083
2454218.763324 0.99306 0.00083
2454218.763724 0.99046 0.00084
2454218.764114 0.99243 0.00085
2454218.764514 0.99252 0.00085
2454218.765284 0.98949 0.00088
2454218.765674 0.99164 0.00088
2454218.766064 0.99179 0.00086
2454218.766464 0.99359 0.00085
2454218.766834 0.99054 0.00085
2454218.767214 0.99295 0.00085
2454218.767594 0.99395 0.00084
2454218.767984 0.99733 0.00084
2454218.768394 0.98915 0.00084
2454218.768774 0.99378 0.00084
2454218.769174 0.99501 0.00084
2454218.769564 0.99264 0.00084
2454218.769954 0.98934 0.00085
2454218.770354 0.99184 0.00086
2454218.770744 0.98799 0.00086
2454218.771144 0.99123 0.00087
2454218.771554 0.99829 0.00087
2454218.771914 0.99200 0.00087
2454218.772684 0.99530 0.00089
2454218.773084 0.98953 0.00086
2454218.773464 0.99298 0.00086
2454218.773864 0.99270 0.00083
2454218.774264 0.99613 0.00084
2454218.774644 0.99315 0.00084
2454218.775014 0.99062 0.00083
2454218.775424 0.99205 0.00083
2454218.775814 0.99293 0.00084
2454218.776204 0.99430 0.00084
2454218.776564 0.99731 0.00084
2454218.777354 0.99232 0.00084
2454218.777724 0.99336 0.00083
2454218.778114 0.99530 0.00085
2454218.778534 0.99055 0.00084
2454218.778914 0.99114 0.00083
2454218.779324 0.99171 0.00083
2454218.779714 0.99182 0.00084
2454218.780114 0.99165 0.00083
2454218.780514 0.99191 0.00083
2454218.780914 0.99296 0.00083
2454218.781304 0.99627 0.00084
2454218.781714 0.99338 0.00083
2454218.782124 0.99328 0.00083
2454218.782494 0.99513 0.00083
2454218.782884 0.99253 0.00084
2454218.783264 0.99429 0.00083
2454218.783674 0.99179 0.00083
2454218.784064 0.99313 0.00083
2454218.784484 0.99498 0.00083
2454218.784874 0.99113 0.00083
2454218.785274 0.99446 0.00084
2454218.785664 0.99546 0.00083
2454218.786054 0.99253 0.00083
2454218.786424 0.99335 0.00084
2454218.786834 0.99434 0.00083
2454218.787214 0.99813 0.00085
2454218.787594 0.99755 0.00084
2454218.787984 0.99623 0.00083
2454218.788384 0.99328 0.00083
2454218.788764 0.99563 0.00083
2454218.789154 0.99382 0.00084
2454218.789564 0.99327 0.00083
2454218.789944 0.99722 0.00084
2454218.790334 0.99646 0.00084
2454218.790734 0.99632 0.00084
2454218.791124 0.99664 0.00083
2454218.791524 0.99736 0.00084
2454218.791894 0.99798 0.00084
2454218.792274 0.99432 0.00083
2454218.792674 0.99541 0.00083
2454218.793084 0.99579 0.00083
2454218.793464 0.99843 0.00083
2454218.793884 1.00052 0.00084
2454218.794284 0.99428 0.00082
2454218.794704 0.99895 0.00084
2454218.795084 0.99776 0.00084
2454218.795454 1.00187 0.00084
2454218.795874 1.00064 0.00084
2454218.796264 0.99983 0.00084
2454218.796664 1.00161 0.00084
2454218.797074 0.99952 0.00084
2454218.797454 1.00017 0.00083
2454218.797854 1.00252 0.00083
2454218.798244 1.00296 0.00083
2454218.798624 1.00428 0.00083
2454218.799034 1.00439 0.00083
2454218.799424 1.00631 0.00083
2454218.799814 1.00249 0.00084
2454218.800214 1.00439 0.00084
2454218.800594 1.00801 0.00084
2454218.800994 1.00109 0.00083
2454218.801384 1.00733 0.00084
2454218.801784 1.00662 0.00083
2454218.802164 1.00931 0.00084
2454218.802574 1.00609 0.00084
2454218.802964 1.00378 0.00083
2454218.803344 1.00383 0.00083
2454218.803744 1.00905 0.00084
2454218.804134 1.01007 0.00084
2454218.804504 1.00689 0.00083
2454218.804894 1.00283 0.00082
2454218.805284 1.00438 0.00083
2454218.805674 1.00677 0.00083
2454218.806044 1.00102 0.00084
2454218.806444 1.00501 0.00083
2454218.806844 1.00497 0.00083
2454218.807214 1.00721 0.00083
2454218.807594 1.00627 0.00082
2454218.807964 1.00429 0.00083
2454218.808354 1.00225 0.00083
2454218.808724 1.00491 0.00083
2454218.809124 1.00515 0.00084
2454218.809524 1.00737 0.00084
2454218.809914 1.00645 0.00083
2454218.810304 1.00904 0.00084
2454218.810704 1.00490 0.00082
2454218.811114 1.00827 0.00083
2454218.811504 1.00519 0.00083
2454218.811874 1.00245 0.00083
2454218.812254 1.00896 0.00084
2454218.812634 1.01026 0.00083
2454218.813024 1.00335 0.00083
2454218.813424 1.00752 0.00084
2454218.813814 1.00501 0.00083
2454218.814194 1.01054 0.00084
2454218.814584 1.00709 0.00083
2454218.814994 1.00586 0.00083
2454218.815384 1.00608 0.00083
2454218.815774 1.00626 0.00083
2454218.816164 1.00582 0.00082
2454218.816534 1.00820 0.00084
2454218.816914 1.00643 0.00083
2454218.817304 1.00639 0.00082
2454218.817674 1.00516 0.00082
2454218.818084 1.00695 0.00083
2454218.818454 1.00681 0.00084
2454218.818834 1.00583 0.00082
2454218.819234 1.00319 0.00082
2454218.819644 1.00697 0.00083
2454218.820004 1.00778 0.00084
2454218.820384 1.00433 0.00083
2454218.820804 1.00585 0.00083
2454218.821174 1.00173 0.00083
2454218.821564 1.00999 0.00084
2454218.821964 1.00345 0.00083
2454218.822354 1.00434 0.00083
2454218.822734 1.00667 0.00083
2454218.823144 1.00598 0.00082
2454218.823534 1.00640 0.00083
2454218.823914 1.00838 0.00084
2454218.824334 1.00335 0.00083
2454218.824724 1.00774 0.00083
2454218.825114 1.00618 0.00083
2454218.825494 1.01002 0.00084
2454218.825884 1.00817 0.00084
2454218.826284 1.00896 0.00083
2454218.826684 1.00493 0.00083
2454218.827064 1.00867 0.00083
2454218.827454 1.00575 0.00082
2454218.827824 1.00790 0.00084
2454218.828214 1.01097 0.00084
2454218.828614 1.00688 0.00083
2454218.828994 1.00755 0.00084
2454218.829414 1.00715 0.00083
2454218.829804 1.00593 0.00083
2454218.830194 1.00327 0.00083
2454218.830594 1.00698 0.00083
2454218.830984 1.00810 0.00084
2454218.831394 1.00618 0.00084
2454218.831774 1.00521 0.00083
2454218.832174 1.00677 0.00083
2454218.832544 1.00858 0.00084
2454218.832974 1.00945 0.00084
2454218.833354 1.00707 0.00083
2454218.833744 1.00558 0.00083
2454218.834144 1.00304 0.00083
2454218.834524 1.00729 0.00083
2454218.834904 1.01103 0.00084
2454218.835324 1.00482 0.00083
2454218.835714 1.00188 0.00084
2454218.836134 1.00569 0.00083
2454218.836514 1.00282 0.00083
2454218.836914 1.00922 0.00084
2454218.837314 1.00874 0.00083
2454218.837714 1.00758 0.00084
2454218.838104 1.00306 0.00083
2454218.838524 1.00652 0.00083
2454218.838914 1.00751 0.00084
2454218.839304 1.00991 0.00083
2454218.839714 1.00630 0.00083
2454218.840104 1.00281 0.00083
2454218.840514 1.00605 0.00083
2454218.840894 1.00771 0.00083
2454218.841284 1.01091 0.00084
2454218.841694 1.00082 0.00083
2454218.842084 1.00275 0.00083
2454218.842494 1.00919 0.00084
2454218.842874 1.00674 0.00083
2454218.843294 1.01087 0.00084
2454218.843694 1.00816 0.00084
2454218.844074 1.00486 0.00083
2454218.844504 1.00508 0.00082
2454218.844934 1.00652 0.00083
2454218.845364 1.00099 0.00083
2454218.845754 1.00816 0.00084
2454218.846154 1.00692 0.00083
2454218.846574 1.00600 0.00083
2454218.846964 1.00443 0.00083
2454218.847354 1.00394 0.00082
