2456402.588822	0.995942	0.001882	1.265189	0.588822
2456402.590419	0.996811	0.001877	1.257335	0.590419
2456402.592016	0.997615	0.001878	1.249656	0.592016
2456402.593613	0.999578	0.001990	1.242149	0.593613
2456402.595211	0.996077	0.001968	1.234809	0.595211
2456402.596796	0.996581	0.001854	1.227684	0.596796
2456402.599991	0.994838	0.001820	1.213806	0.599991
2456402.601588	0.994729	0.001767	1.207100	0.601588
2456402.603185	0.993630	0.001746	1.200544	0.603185
2456402.604782	0.994026	0.001768	1.194136	0.604782
2456402.606379	0.992649	0.001811	1.187872	0.606379
2456402.607976	0.994047	0.001784	1.181750	0.607976
2456402.609574	0.992667	0.001752	1.175767	0.609574
2456402.611159	0.990909	0.001766	1.169963	0.611159
2456402.612756	0.989413	0.001801	1.164249	0.612756
2456402.614353	0.990302	0.001808	1.158667	0.614353
2456402.615939	0.993559	0.001755	1.153253	0.615939
2456402.617536	0.990585	0.001785	1.147926	0.617536
2456402.619133	0.993049	0.001766	1.142723	0.619133
2456402.620730	0.990496	0.001780	1.137642	0.620730
2456402.622328	0.990371	0.001794	1.132681	0.622328
2456402.623925	0.990096	0.001773	1.127838	0.623925
2456402.625522	0.987658	0.001701	1.123111	0.625522
2456402.627119	0.989061	0.001730	1.118499	0.627119
2456402.628716	0.992762	0.001775	1.113998	0.628716
2456402.630313	0.991659	0.001814	1.109609	0.630313
2456402.631911	0.992856	0.001806	1.105327	0.631911
2456402.633508	0.991513	0.001732	1.101153	0.633508
2456402.635093	0.990929	0.001737	1.097114	0.635093
2456402.636691	0.993609	0.001699	1.093148	0.636691
2456402.638288	0.993217	0.001786	1.089285	0.638288
2456402.639885	0.992986	0.001722	1.085523	0.639885
2456402.641482	0.995099	0.001764	1.081860	0.641482
2456402.643079	0.987726	0.001726	1.078295	0.643079
2456402.644665	0.989977	0.001710	1.074851	0.644665
2456402.646262	0.990598	0.001766	1.071478	0.646262
2456402.647859	0.989079	0.001716	1.068199	0.647859
2456402.649456	0.989916	0.001709	1.065013	0.649456
2456402.651053	0.989677	0.001694	1.061918	0.651053
2456402.652651	0.986220	0.001717	1.058915	0.652651
2456402.654248	0.993162	0.001756	1.056001	0.654248
2456402.655845	0.991862	0.001754	1.053175	0.655845
2456402.657442	0.988643	0.001717	1.050437	0.657442
2456402.659039	0.987161	0.001686	1.047786	0.659039
2456402.660636	0.990174	0.001715	1.045220	0.660636
2456402.662234	0.989950	0.001681	1.042740	0.662234
2456402.663831	0.987875	0.001679	1.040343	0.663831
2456402.665428	0.988770	0.001683	1.038029	0.665428
2456402.667025	0.990598	0.001684	1.035797	0.667025
2456402.668622	0.992089	0.001702	1.033647	0.668622
2456402.670219	0.990723	0.001703	1.031578	0.670219
2456402.671816	0.994330	0.001733	1.029589	0.671816
2456402.673414	0.992340	0.001740	1.027679	0.673414
2456402.675011	0.992310	0.001754	1.025848	0.675011
2456402.676620	0.992132	0.001768	1.024082	0.676620
2456402.678217	0.989840	0.001742	1.022407	0.678217
2456402.679814	0.991857	0.001763	1.020810	0.679814
2456402.681411	0.988906	0.001740	1.019288	0.681411
2456402.683008	0.992055	0.001755	1.017842	0.683008
2456402.684605	0.992781	0.001754	1.016472	0.684605
2456402.686202	0.993319	0.001797	1.015177	0.686202
2456402.687800	0.993750	0.001738	1.013956	0.687800
2456402.689397	0.994076	0.001794	1.012810	0.689397
2456402.690994	0.989379	0.001766	1.011737	0.690994
2456402.692591	0.986765	0.001776	1.010738	0.692591
2456402.694188	0.992283	0.001773	1.009812	0.694188
2456402.695785	0.991171	0.001793	1.008958	0.695785
2456402.697383	0.989951	0.001761	1.008178	0.697383
2456402.698980	0.988910	0.001793	1.007469	0.698980
2456402.700577	0.988180	0.001797	1.006833	0.700577
2456402.702174	0.992245	0.001790	1.006268	0.702174
2456402.703771	0.995115	0.001805	1.005775	0.703771
2456402.705368	0.994638	0.001802	1.005353	0.705368
2456402.706966	0.992643	0.001800	1.005003	0.706966
2456402.708563	0.989755	0.001756	1.004724	0.708563
2456402.710160	0.991780	0.001763	1.004516	0.710160
2456402.711745	0.991878	0.001774	1.004380	0.711745
2456402.713343	0.989848	0.001787	1.004314	0.713343
2456402.714940	0.991765	0.001768	1.004318	0.714940
2456402.716537	0.992410	0.001743	1.004394	0.716537
2456402.718134	0.995516	0.001818	1.004541	0.718134
2456402.719731	0.995146	0.001825	1.004759	0.719731
2456402.721328	0.989167	0.001808	1.005048	0.721328
2456402.722926	0.993456	0.001791	1.005408	0.722926
2456402.724523	0.991195	0.001829	1.005840	0.724523
2456402.726120	0.990659	0.001777	1.006343	0.726120
2456402.727717	0.991673	0.001774	1.006918	0.727717
2456402.729314	0.990466	0.001814	1.007565	0.729314
2456402.730911	0.990225	0.001772	1.008283	0.730911
2456402.732509	0.991359	0.001813	1.009074	0.732509
2456402.734106	0.987278	0.001887	1.009938	0.734106
2456402.735703	0.993327	0.001841	1.010875	0.735703
2456402.737300	0.992837	0.001827	1.011884	0.737300
2456402.738897	0.987758	0.001823	1.012967	0.738897
2456402.740494	0.990977	0.001774	1.014124	0.740494
2456402.742092	0.992701	0.001824	1.015355	0.742092
2456402.743689	0.995084	0.001786	1.016661	0.743689
2456402.745286	0.992036	0.001817	1.018042	0.745286
2456402.746883	0.990633	0.001787	1.019498	0.746883
2456402.748480	0.992723	0.001812	1.021030	0.748480
2456402.750077	0.994926	0.001829	1.022639	0.750077
2456402.751674	0.992187	0.001872	1.024325	0.751674
2456402.753272	0.993119	0.001865	1.026088	0.753272
2456402.754869	0.994900	0.001862	1.027930	0.754869
2456402.756466	0.994266	0.001906	1.029850	0.756466
2456402.758063	0.994987	0.001933	1.031850	0.758063
2456402.759660	0.994463	0.002000	1.033930	0.759660
2456402.761257	0.993214	0.001973	1.036091	0.761257
2456402.762855	0.994462	0.001984	1.038334	0.762855
2456402.764452	0.995791	0.001911	1.040659	0.764452
2456402.766049	0.993226	0.001976	1.043067	0.766049
2456402.767646	0.992450	0.001966	1.045559	0.767646
2456402.769243	0.992247	0.001913	1.048136	0.769243
2456402.770840	0.989495	0.001872	1.050799	0.770840
2456402.772438	0.994406	0.001900	1.053548	0.772438
2456402.774035	0.993622	0.001922	1.056385	0.774035
2456402.775632	0.994643	0.001977	1.059311	0.775632
2456402.777229	0.995122	0.001929	1.062327	0.777229
2456402.778826	0.990649	0.001853	1.065434	0.778826
2456402.780423	0.989986	0.001868	1.068632	0.780423
2456402.782021	0.996316	0.001976	1.071924	0.782021
2456402.783618	0.991168	0.001938	1.075310	0.783618
2456402.785215	0.991835	0.001826	1.078792	0.785215
2456402.786812	0.990892	0.001819	1.082371	0.786812
2456402.788409	0.990164	0.001805	1.086047	0.788409
2456402.790006	0.993023	0.001811	1.089824	0.790006
2456402.791604	0.993798	0.001767	1.093701	0.791604
2456402.793201	0.992162	0.001802	1.097682	0.793201
2456402.794798	0.994578	0.001791	1.101766	0.794798
2456402.796395	0.992406	0.001818	1.105956	0.796395
2456402.797992	0.995712	0.001767	1.110253	0.797992
2456402.799589	0.993746	0.001796	1.114659	0.799589
2456402.801186	0.990791	0.001825	1.119176	0.801186
2456402.802784	0.993877	0.001876	1.123805	0.802784
2456402.804381	0.994760	0.001864	1.128549	0.804381
2456402.805978	0.992259	0.001857	1.133409	0.805978
2456402.807575	0.997333	0.001828	1.138388	0.807575
2456402.809172	0.991959	0.001832	1.143487	0.809172
2456402.810769	0.992716	0.001906	1.148708	0.810769
2456402.812367	0.993548	0.001829	1.154054	0.812367
2456402.813964	0.995490	0.001805	1.159527	0.813964
2456402.815561	0.996583	0.001778	1.165130	0.815561
2456402.817158	0.998263	0.001790	1.170864	0.817158
2456402.818755	0.994513	0.001732	1.176732	0.818755
2456402.820352	0.996199	0.001769	1.182737	0.820352
2456402.821950	0.996149	0.001765	1.188882	0.821950
2456402.823547	0.993027	0.001742	1.195169	0.823547
2456402.825144	0.999586	0.001749	1.201601	0.825144
2456402.826741	0.999562	0.001792	1.208181	0.826741
2456402.828338	0.994156	0.001770	1.214913	0.828338
2456402.829935	1.001639	0.001776	1.221798	0.829935
2456402.831533	1.000357	0.001773	1.228841	0.831533
2456402.833130	1.000253	0.001741	1.236045	0.833130
2456402.834727	1.000900	0.001764	1.243414	0.834727
2456402.836324	1.001692	0.001750	1.250950	0.836324
2456402.837921	1.002156	0.001705	1.258658	0.837921
2456402.839518	0.998131	0.001710	1.266542	0.839518
2456402.841115	1.000802	0.001724	1.274605	0.841115
2456402.842713	0.999771	0.001768	1.282853	0.842713
2456402.844310	1.000339	0.001753	1.291288	0.844310
2456402.845907	1.001285	0.001737	1.299916	0.845907
2456402.847504	1.004093	0.001773	1.308740	0.847504
2456402.849101	0.997958	0.001928	1.317767	0.849101
2456402.850698	1.000705	0.001879	1.327001	0.850698
2456402.852296	1.001875	0.001740	1.336446	0.852296
2456402.853904	1.002377	0.001753	1.346180	0.853904
2456402.855501	1.001542	0.001789	1.356067	0.855501
2456402.857099	0.998300	0.001810	1.366182	0.857099
2456402.858696	1.003104	0.001780	1.376532	0.858696
2456402.860293	1.001695	0.001718	1.387123	0.860293
2456402.861890	0.998595	0.001741	1.397960	0.861890
2456402.863487	0.997752	0.001934	1.409051	0.863487
2456402.865084	1.002690	0.002038	1.420403	0.865084
2456402.866682	1.001042	0.002057	1.432022	0.866682
2456402.868279	0.999933	0.001920	1.443916	0.868279
2456402.869876	1.000754	0.001978	1.456093	0.869876
2456402.871473	0.997768	0.002042	1.468560	0.871473
2456402.873059	1.005375	0.002292	1.481234	0.873059
2456402.874667	1.002828	0.002124	1.494402	0.874667
