#BJD_TDB FLUX ERR MAIRMASS PIXEL
2456347.665564	0.999627	0.000936	1.812385	34.161306
2456347.666944	0.996569	0.000904	1.794622	33.501380
2456347.668323	0.998734	0.000908	1.777259	32.149475
2456347.669702	1.001671	0.000933	1.760284	35.775659
2456347.671081	1.001344	0.000900	1.743686	33.441138
2456347.672461	1.000149	0.000909	1.727455	34.307516
2456347.673840	0.999838	0.000854	1.711579	33.592811
2456347.675219	0.996588	0.000839	1.696049	33.856131
2456347.676598	1.002339	0.000868	1.680855	36.220702
2456347.677978	0.998187	0.000868	1.665988	36.246277
2456347.679357	0.999084	0.000834	1.651439	34.945906
2456347.680736	1.000214	0.000841	1.637199	35.501125
2456347.682115	0.999199	0.000795	1.623259	32.056657
2456347.683494	0.998205	0.000867	1.609612	34.725217
2456347.684874	0.997339	0.000810	1.596250	33.432752
2456347.686253	0.996811	0.000777	1.583166	31.867988
2456347.687632	0.996000	0.000798	1.570351	34.134046
2456347.689011	0.996544	0.000821	1.557801	36.055716
2456347.690391	0.995690	0.000814	1.545505	35.679874
2456347.691770	0.996697	0.000779	1.533461	33.391296
2456347.693149	0.997298	0.000778	1.521662	34.066396
2456347.694529	0.996094	0.000888	1.510100	41.326091
2456347.695908	0.995031	0.000872	1.498771	40.721800
2456347.697287	0.996261	0.000836	1.487668	38.633534
2456347.698666	0.997214	0.000781	1.476787	34.237888
2456347.700046	0.990889	0.000743	1.466121	31.360005
2456347.701425	0.995860	0.000769	1.455666	33.922732
2456347.702804	0.996050	0.000751	1.445416	32.663963
2456347.704183	0.994194	0.000739	1.435368	32.331224
2456347.705563	0.992006	0.000734	1.425516	31.465352
2456347.706942	0.996112	0.000785	1.415857	35.148648
2456347.708321	0.995182	0.000807	1.406385	37.996243
2456347.709700	0.994309	0.000782	1.397096	36.430628
2456347.711079	0.992965	0.000770	1.387987	36.179597
2456347.712459	0.995320	0.000776	1.379054	37.003138
2456347.713838	0.994188	0.000781	1.370292	37.742999
2456347.715217	0.994900	0.000762	1.361698	36.316056
2456347.716596	0.993673	0.000748	1.353268	35.516718
2456347.717976	0.993306	0.000738	1.345000	34.788215
2456347.719355	0.992419	0.000742	1.336889	35.414469
2456347.720734	0.993913	0.000752	1.328932	36.215749
2456347.722113	0.993190	0.000732	1.321127	35.250558
2456347.723492	0.995632	0.000734	1.313470	35.467296
2456347.724872	0.993772	0.000737	1.305958	36.217691
2456347.726251	0.994361	0.000755	1.298588	37.998535
2456347.727630	0.993914	0.000723	1.291358	35.844478
2456347.729009	0.993485	0.000738	1.284264	37.162501
2456347.730388	0.991703	0.000711	1.277305	35.142742
2456347.731768	0.993190	0.000738	1.270478	37.489174
2456347.733147	0.993481	0.000720	1.263779	36.036184
2456347.737728	0.993752	0.000733	1.242423	36.764037
2456347.739108	0.993965	0.000729	1.236254	36.555566
2456347.740487	0.993705	0.000718	1.230203	35.728931
2456347.741866	0.993715	0.000719	1.224267	36.016316
2456347.743245	0.994832	0.000728	1.218443	37.079687
2456347.744624	0.995353	0.000724	1.212730	36.925818
2456347.746004	0.993210	0.000721	1.207126	37.064305
2456347.747383	0.994585	0.000725	1.201630	37.838451
2456347.748762	0.993697	0.000714	1.196239	37.025193
2456347.750141	0.992778	0.000704	1.190951	36.073616
2456347.751521	0.993721	0.000694	1.185765	35.271566
2456347.752900	0.993073	0.000720	1.180680	37.976140
2456347.754279	0.994501	0.000726	1.175693	38.439167
2456347.755658	0.995500	0.000740	1.170802	39.698531
2456347.757037	0.994483	0.000705	1.166008	36.631225
2456347.758417	0.994683	0.000717	1.161308	37.987720
2456347.759796	0.992825	0.000712	1.156700	37.580440
2456347.761175	0.993325	0.000735	1.152183	39.332331
2456347.762554	0.993516	0.000713	1.147756	37.560393
2456347.763934	0.995328	0.000714	1.143417	37.751635
2456347.765313	0.994566	0.000703	1.139166	36.636415
2456347.766692	0.993195	0.000710	1.135001	37.382236
2456347.768071	0.993120	0.000697	1.130920	36.501467
2456347.769450	0.993922	0.000714	1.126923	38.189922
2456347.770830	0.994332	0.000714	1.123008	38.123760
2456347.772209	0.994318	0.000703	1.119174	37.042886
2456347.773588	0.994113	0.000703	1.115421	37.100129
2456347.774967	0.994444	0.000700	1.111747	36.571964
2456347.776346	0.992548	0.000722	1.108150	38.746827
2456347.777726	0.994220	0.000716	1.104630	38.210767
2456347.779105	0.993120	0.000681	1.101187	34.880108
2456347.780484	0.994635	0.000717	1.097818	38.096672
2456347.781864	0.994330	0.000693	1.094524	35.856330
2456347.783243	0.991535	0.000667	1.091303	33.493041
2456347.784622	0.992303	0.000679	1.088155	34.770274
2456347.786001	0.992422	0.000671	1.085078	33.940014
2456347.787380	0.993681	0.000675	1.082072	34.277296
2456347.788760	0.992372	0.000665	1.079135	33.406663
2456347.790139	0.993794	0.000664	1.076267	33.339914
2456347.791518	0.993615	0.000664	1.073469	33.479919
2456347.792898	0.992068	0.000672	1.070737	34.493438
2456347.794277	0.992581	0.000662	1.068073	33.413699
2456347.795656	0.993755	0.000672	1.065475	34.446477
2456347.797035	0.995210	0.000690	1.062942	36.382870
2456347.798414	0.991788	0.000678	1.060475	35.565540
2456347.799794	0.992175	0.000680	1.058071	35.751110
2456347.801173	0.993028	0.000670	1.055732	34.818197
2456347.802552	0.991920	0.000694	1.053455	37.556844
2456347.803931	0.992570	0.000683	1.051240	36.355589
2456347.805311	0.991484	0.000664	1.049088	34.406430
2456347.806690	0.992554	0.000727	1.046997	40.625029
2456347.808069	0.993366	0.000686	1.044967	36.715449
2456347.809448	0.993455	0.000697	1.042998	37.851632
2456347.810827	0.992640	0.000690	1.041088	37.118338
2456347.812207	0.993157	0.000712	1.039237	39.350433
2456347.813586	0.995235	0.000712	1.037446	39.359236
2456347.814965	0.994405	0.000684	1.035713	36.646108
2456347.816344	0.992466	0.000714	1.034038	39.873702
2456347.817723	0.993653	0.000704	1.032420	38.659285
2456347.819103	0.993298	0.000672	1.030860	35.609441
2456347.820482	0.994646	0.000674	1.029357	35.863129
2456347.821861	0.994678	0.000707	1.027910	38.951130
2456347.823240	0.993101	0.000677	1.026520	36.395834
2456347.824619	0.993316	0.000689	1.025185	37.443383
2456347.825999	0.994672	0.000698	1.023906	38.185518
2456347.827378	0.994213	0.000693	1.022682	37.870964
2456347.828757	0.993291	0.000703	1.021513	38.714625
2456347.830136	0.994440	0.000704	1.020398	38.711741
2456347.831515	0.994561	0.000728	1.019338	40.709325
2456347.832895	0.994424	0.000696	1.018332	37.982629
2456347.834274	0.992664	0.000682	1.017380	36.499796
2456347.835653	0.993424	0.000692	1.016482	37.709461
2456347.837032	0.993112	0.000686	1.015637	37.011085
2456347.838412	0.994408	0.000682	1.014845	36.645837
2456347.839791	0.994089	0.000687	1.014106	37.133893
2456347.841170	0.992507	0.000685	1.013420	36.973190
2456347.842549	0.995006	0.000685	1.012787	36.897246
2456347.843929	0.993859	0.000691	1.012207	37.402666
2456347.845308	0.993981	0.000681	1.011679	36.442552
2456347.846687	0.993317	0.000678	1.011203	36.322606
2456347.848066	0.994328	0.000690	1.010780	37.851289
2456347.849445	0.994099	0.000684	1.010408	37.338293
2456347.850825	0.995657	0.000696	1.010089	38.270476
2456347.852204	0.993688	0.000685	1.009822	37.472552
2456347.853583	0.993463	0.000682	1.009606	36.971796
2456347.854962	0.993869	0.000688	1.009442	37.582669
2456347.856342	0.994426	0.000687	1.009331	37.612194
2456347.857721	0.993892	0.000679	1.009270	37.030433
2456347.859100	0.993908	0.000667	1.009262	35.639273
2456347.860479	0.994208	0.000682	1.009306	37.154162
2456347.861858	0.993535	0.000681	1.009401	36.972783
2456347.863238	0.992884	0.000710	1.009548	39.872962
2456347.864617	0.994015	0.000691	1.009747	37.978343
2456347.865996	0.994496	0.000693	1.009997	37.763793
2456347.867375	0.993906	0.000688	1.010300	37.261385
2456347.868754	0.993439	0.000688	1.010655	37.425140
2456347.870134	0.994651	0.000690	1.011061	37.721651
2456347.871513	0.994114	0.000681	1.011520	36.975040
2456347.872892	0.993380	0.000680	1.012031	37.152987
2456347.874271	0.994549	0.000671	1.012595	36.093211
2456347.875651	0.992616	0.000664	1.013211	35.789121
2456347.877030	0.994000	0.000694	1.013880	39.073591
2456347.878409	0.994041	0.000722	1.014602	41.808984
2456347.879788	0.994751	0.000684	1.015376	38.072058
2456347.881167	0.993153	0.000656	1.016204	34.937557
2456347.882547	0.994532	0.000672	1.017085	36.386913
2456347.883926	0.994910	0.000669	1.018020	35.867180
2456347.885305	0.994794	0.000678	1.019009	36.641608
2456347.886684	0.994074	0.000674	1.020051	36.097012
2456347.888063	0.995477	0.000710	1.021148	39.930685
2456347.889443	0.995317	0.000672	1.022300	36.284336
2456347.890822	0.994568	0.000666	1.023506	35.421628
2456347.892201	0.993951	0.000665	1.024768	35.398786
2456347.893581	0.994313	0.000668	1.026085	35.526089
2456347.894960	0.995299	0.000684	1.027457	37.204869
2456347.896339	0.996259	0.000672	1.028886	35.861004
2456347.897718	0.994138	0.000669	1.030371	35.582398
2456347.899097	0.996168	0.000682	1.031913	37.040649
2456347.900477	0.997153	0.000678	1.033512	36.757483
2456347.901856	0.996774	0.000676	1.035169	36.729620
2456347.903236	0.998864	0.000691	1.036883	38.292817
2456347.904615	0.997007	0.000674	1.038656	36.391047
2456347.905994	0.997738	0.000680	1.040488	37.005156
2456347.907373	0.997950	0.000697	1.042379	38.934649
2456347.908752	0.999514	0.000686	1.044329	37.601778
2456347.910132	0.998583	0.000669	1.046340	35.801996
2456347.911511	0.999728	0.000674	1.048411	36.097144
2456347.912890	0.999784	0.000662	1.050544	35.017686
2456347.914269	1.000572	0.000671	1.052738	35.858427
2456347.915649	1.000054	0.000683	1.054995	36.996187
2456347.917028	1.000911	0.000676	1.057314	35.988504
2456347.918407	0.998614	0.000664	1.059697	34.800774
2456347.919786	1.000932	0.000665	1.062144	34.969014
2456347.921165	0.999334	0.000672	1.064656	35.719326
2456347.922545	1.000378	0.000678	1.067233	36.185618
2456347.923924	1.000245	0.000676	1.069876	36.107184
2456347.925303	1.000088	0.000670	1.072585	35.395176
2456347.926682	0.999765	0.000673	1.075362	35.773512
2456347.928061	1.000166	0.000669	1.078207	35.330275
2456347.929441	0.998335	0.000663	1.081122	34.511623
2456347.930820	1.000605	0.000693	1.084105	37.518334
2456347.932199	1.000965	0.000706	1.087160	38.516424
2456347.933578	0.999921	0.000725	1.090285	40.528583
2456347.934958	1.002321	0.000705	1.093483	38.555484
2456347.936337	0.998575	0.000681	1.096753	36.233705
2456347.937716	1.000802	0.000701	1.100098	38.006702
2456347.939095	0.999913	0.000700	1.103517	37.690413
2456347.940475	1.000629	0.000694	1.107012	37.159059
2456347.941854	1.000083	0.000692	1.110583	36.806573
2456347.943233	1.001261	0.000712	1.114232	38.624036
2456347.944612	1.001821	0.000678	1.117960	35.208329
2456347.945991	1.000053	0.000668	1.121768	34.405633
2456347.947371	1.001841	0.000670	1.125657	34.614892
2456347.948750	1.000003	0.000677	1.129628	35.696071
2456347.950129	1.000924	0.000688	1.133681	36.879370
2456347.951508	0.999615	0.000663	1.137819	34.237122
2456347.952887	0.997718	0.000661	1.142043	34.198928
2456347.954267	1.000793	0.000675	1.146353	35.847974
2456347.955646	1.000340	0.000663	1.150752	34.845028
2456347.957025	0.998701	0.000658	1.155241	34.798157
2456347.958405	0.999170	0.000652	1.159819	34.070104
2456347.959784	1.000008	0.000660	1.164490	35.060076
