#BJD_TDB FLUX ERR MERIDIAN MAIRMASS SKY
2456347.666592	0.998207	0.001309	-1.000000	1.799228	1834.748608
2456347.668202	0.999443	0.001332	-1.000000	1.778869	1820.005824
2456347.669848	1.000245	0.001272	-1.000000	1.758620	1761.054363
2456347.671484	1.000562	0.001301	-1.000000	1.739008	1764.246062
2456347.673075	1.001110	0.001254	-1.000000	1.720442	1715.938360
2456347.674653	0.996787	0.001210	-1.000000	1.702473	1660.984050
2456347.676209	0.997558	0.001192	-1.000000	1.685203	1631.912062
2456347.677814	1.003281	0.001194	-1.000000	1.667826	1618.867322
2456347.679393	1.002808	0.001174	-1.000000	1.651152	1592.485371
2456347.680945	1.004620	0.001179	-1.000000	1.635149	1589.063439
2456347.682553	1.000627	0.001181	-1.000000	1.618978	1593.512804
2456347.684161	1.001359	0.001200	-1.000000	1.603202	1602.875285
2456347.685714	1.003151	0.001166	-1.000000	1.588329	1557.577033
2456347.687269	0.998796	0.001145	-1.000000	1.573775	1529.264983
2456347.688874	1.002837	0.001140	-1.000000	1.559115	1508.623734
2456347.690453	0.999674	0.001132	-1.000000	1.545032	1495.139313
2456347.692032	1.001302	0.001130	-1.000000	1.531277	1479.930174
2456347.693611	0.999414	0.001117	-1.000000	1.517841	1460.927924
2456347.695193	0.999001	0.001114	-1.000000	1.504685	1453.394526
2456347.696772	0.999547	0.001104	-1.000000	1.491859	1435.650287
2456347.698353	0.997714	0.001109	-1.000000	1.479303	1442.144406
2456347.699932	1.000637	0.001119	-1.000000	1.467055	1443.976743
2456347.701488	1.000853	0.001104	-1.000000	1.455258	1426.249176
2456347.703067	1.002876	0.001101	-1.000000	1.443551	1414.691627
2456347.704645	0.997989	0.001085	-1.000000	1.432108	1401.104029
2456347.707754	1.000866	0.001080	-1.000000	1.410318	1369.034300
2456347.709335	0.998895	0.001072	-1.000000	1.399594	1356.932838
2456347.710943	1.001396	0.001067	-1.000000	1.388936	1342.039143
2456347.712528	1.000949	0.001062	-1.000000	1.378666	1319.487987
2456347.714107	1.000778	0.001054	-1.000000	1.368659	1306.621803
2456347.715688	0.999664	0.001052	-1.000000	1.358853	1294.428122
2456347.717244	1.000578	0.001052	-1.000000	1.349419	1289.463758
2456347.718846	0.999087	0.001049	-1.000000	1.339915	1289.023077
2456347.720425	1.002390	0.001041	-1.000000	1.330754	1268.958590
2456347.722003	0.999780	0.001031	-1.000000	1.321792	1255.243064
2456347.723559	1.001066	0.001031	-1.000000	1.313152	1247.661816
2456347.725141	1.001045	0.001026	-1.000000	1.304556	1228.153230
2456347.726696	1.000848	0.001018	-1.000000	1.296284	1209.492277
2456347.728287	1.001733	0.001013	-1.000000	1.288009	1201.473037
2456347.731421	1.000801	0.001005	-1.000000	1.272224	1190.063381
2456347.733000	1.002138	0.001005	-1.000000	1.264529	1184.881720
2456347.734579	1.002406	0.001005	-1.000000	1.257000	1186.813621
2456347.736134	0.999871	0.001000	-1.000000	1.249741	1176.595709
2456347.737713	1.003338	0.001007	-1.000000	1.242531	1171.212265
2456347.739306	1.001344	0.001000	-1.000000	1.235414	1172.605501
2456347.740914	1.002050	0.001002	-1.000000	1.228389	1168.941701
2456347.742470	1.003545	0.000997	-1.000000	1.221741	1157.324911
2456347.744048	1.002019	0.000992	-1.000000	1.215139	1149.274159
2456347.745627	1.002304	0.000987	-1.000000	1.208681	1138.640508
2456347.747180	1.000437	0.000976	-1.000000	1.202467	1119.205365
2456347.748759	1.001655	0.000976	-1.000000	1.196286	1112.297165
2456347.750366	1.001411	0.000976	-1.000000	1.190131	1110.692171
2456347.751922	1.004135	0.000976	-1.000000	1.184307	1102.541432
2456347.753527	1.001982	0.000971	-1.000000	1.178432	1094.448498
2456347.755120	1.002151	0.000969	-1.000000	1.172730	1087.480766
2456347.756676	1.002725	0.000969	-1.000000	1.167287	1083.417618
2456347.758284	1.002167	0.000969	-1.000000	1.161785	1083.443697
2456347.759892	1.004156	0.000966	-1.000000	1.156411	1077.018430
2456347.761471	1.003410	0.000966	-1.000000	1.151255	1078.649807
2456347.763078	1.003327	0.000963	-1.000000	1.146125	1070.214571
2456347.764634	1.001949	0.000961	-1.000000	1.141275	1064.577272
2456347.766242	1.003052	0.000963	-1.000000	1.136377	1065.391376
2456347.767899	1.004826	0.000961	-1.000000	1.131451	1054.582714
2456347.769477	1.005155	0.000961	-1.000000	1.126870	1053.028685
2456347.771062	1.001881	0.000961	-1.000000	1.122380	1053.624863
2456347.772667	1.003507	0.000961	-1.000000	1.117942	1051.314723
2456347.774281	1.003460	0.000961	-1.000000	1.113589	1053.409045
2456347.775888	1.002299	0.000961	-1.000000	1.109358	1051.790977
2456347.777467	1.004569	0.000961	-1.000000	1.105306	1047.769315
2456347.779127	1.004426	0.000961	-1.000000	1.101154	1044.837745
2456347.780709	1.002624	0.000961	-1.000000	1.097298	1046.386276
2456347.782360	1.001333	0.000961	-1.000000	1.093377	1043.186693
2456347.784002	1.003088	0.000963	-1.000000	1.089580	1037.734728
2456347.785631	1.003948	0.000963	-1.000000	1.085917	1034.530435
2456347.787227	1.004501	0.000963	-1.000000	1.082422	1031.631301
2456347.788898	1.005407	0.000969	-1.000000	1.078862	1030.439052
2456347.790564	1.004781	0.000966	-1.000000	1.075416	1026.218602
2456347.792212	1.004893	0.000963	-1.000000	1.072103	1024.086010
2456347.793840	1.002580	0.000958	-1.000000	1.068925	1017.014211
2456347.795437	1.004086	0.000958	-1.000000	1.065900	1012.929680
2456347.797111	1.003192	0.000956	-1.000000	1.062821	1007.928917
2456347.798771	1.002159	0.000953	-1.000000	1.059862	999.021289
2456347.880235	0.927331	0.000872	1.000000	1.015632	883.020478
2456347.881855	0.928113	0.000867	1.000000	1.016629	886.143734
2456347.883483	0.926576	0.000859	1.000000	1.017706	889.862946
2456347.885122	0.926576	0.000865	1.000000	1.018866	895.130305
2456347.886675	0.927967	0.000862	1.000000	1.020035	894.393459
2456347.888346	0.926983	0.000862	1.000000	1.021371	887.360429
2456347.889937	0.926373	0.000862	1.000000	1.022716	882.181119
2456347.891574	0.929382	0.000857	1.000000	1.024177	876.793179
2456347.893205	0.926422	0.000857	1.000000	1.025709	876.296249
2456347.894850	0.927178	0.000859	1.000000	1.027335	874.903381
2456347.896455	0.927303	0.000862	1.000000	1.028997	870.446430
2456347.898060	0.928671	0.000865	1.000000	1.030735	871.616790
2456347.899693	0.928676	0.000857	1.000000	1.032584	861.204749
2456347.901298	0.930250	0.000859	1.000000	1.034479	854.708131
2456347.902903	0.928133	0.000862	1.000000	1.036451	848.475626
2456347.904514	0.931255	0.000880	1.000000	1.038510	850.510707
2456347.906130	0.932504	0.000883	1.000000	1.040657	843.877120
2456347.907767	0.933225	0.000893	1.000000	1.042914	837.407675
2456347.909346	0.931086	0.000875	1.000000	1.045171	836.010283
2456347.911000	0.932854	0.000896	1.000000	1.047620	836.365504
2456347.912605	0.932846	0.000880	1.000000	1.050080	828.865252
2456347.914239	0.933716	0.000885	1.000000	1.052671	824.419440
2456347.915872	0.934812	0.000885	1.000000	1.055349	824.363194
2456347.917483	0.934781	0.000880	1.000000	1.058075	820.667639
2456347.919140	0.930621	0.000870	1.000000	1.060971	815.827608
2456347.920792	0.933519	0.000867	1.000000	1.063949	809.208322
2456347.922370	0.933025	0.000865	1.000000	1.066883	802.400559
2456347.924030	0.932532	0.000872	1.000000	1.070061	799.551429
2456347.925690	0.932285	0.000870	1.000000	1.073336	794.068603
2456347.927301	0.932732	0.000867	1.000000	1.076608	789.030015
2456347.928975	0.933716	0.000870	1.000000	1.080108	783.244108
2456347.930641	0.934171	0.000872	1.000000	1.083691	779.155800
2456347.932231	0.932571	0.000883	1.000000	1.087208	774.858384
2456347.933859	0.932439	0.000880	1.000000	1.090906	766.849156
2456347.935459	0.934142	0.000878	1.000000	1.094637	756.230609
2456347.937058	0.932356	0.000875	1.000000	1.098466	749.238119
2456347.938729	0.934763	0.000880	1.000000	1.102575	740.699707
2456347.940340	0.933986	0.000888	1.000000	1.106640	732.118676
2456347.941974	0.933989	0.000891	1.000000	1.110869	724.584845
2456347.943526	0.935573	0.000901	1.000000	1.114990	711.811299
2456347.945108	0.935677	0.000885	1.000000	1.119291	699.544065
2456347.946692	0.931647	0.000878	1.000000	1.123705	685.461118
2456347.948309	0.934300	0.000872	1.000000	1.128319	668.308093
2456347.949943	0.933368	0.000870	1.000000	1.133097	651.866740
2456347.951495	0.933059	0.000875	1.000000	1.137748	635.336585
2456347.953051	0.933402	0.000865	1.000000	1.142517	616.945760
2456347.954705	0.932096	0.000857	1.000000	1.147709	597.788804
2456347.956261	0.934137	0.000857	1.000000	1.152707	578.606844
2456347.957877	0.933602	0.000849	1.000000	1.158022	556.975291
