#BJD_TDB rel_flux_T1_n rel_flux_err_T1_n MBJD_TDB
2456700.717713	0.998105	0.000622	0.717713
2456700.719092	0.997828	0.000610	0.719092
2456700.720472	0.997691	0.000634	0.720472
2456700.721851	0.997025	0.000666	0.721851
2456700.723230	0.999277	0.000610	0.723230
2456700.724610	0.998570	0.000642	0.724610
2456700.725989	0.997732	0.000638	0.725989
2456700.727368	0.998061	0.000622	0.727368
2456700.728747	1.001460	0.000646	0.728747
2456700.730127	0.998759	0.000638	0.730127
2456700.731506	0.999040	0.000618	0.731506
2456700.732885	0.999168	0.000614	0.732885
2456700.734265	0.996985	0.000594	0.734265
2456700.735644	0.998835	0.000594	0.735644
2456700.737023	0.996853	0.000582	0.737023
2456700.738402	0.996740	0.000582	0.738402
2456700.739782	0.998903	0.000578	0.739782
2456700.741161	0.995866	0.000590	0.741161
2456700.742540	0.995918	0.000582	0.742540
2456700.743919	0.995837	0.000582	0.743919
2456700.745299	0.993201	0.000590	0.745299
2456700.746678	0.995878	0.000586	0.746678
2456700.748057	0.995047	0.000602	0.748057
2456700.749436	0.994549	0.000586	0.749436
2456700.750816	0.995011	0.000590	0.750816
2456700.752195	0.994421	0.000586	0.752195
2456700.753574	0.994000	0.000586	0.753574
2456700.754953	0.995809	0.000582	0.754953
2456700.756333	0.993386	0.000582	0.756333
2456700.757712	0.994393	0.000586	0.757712
2456700.759091	0.994084	0.000598	0.759091
2456700.760471	0.991808	0.000578	0.760471
2456700.761850	0.994184	0.000578	0.761850
2456700.763229	0.995850	0.000578	0.763229
2456700.764609	0.993526	0.000574	0.764609
2456700.765988	0.992262	0.000570	0.765988
2456700.767367	0.994634	0.000586	0.767367
2456700.768746	0.995007	0.000674	0.768746
2456700.770126	0.990380	0.000638	0.770126
2456700.771505	0.992960	0.000582	0.771505
2456700.772884	0.994337	0.000590	0.772884
2456700.774264	0.995011	0.000574	0.774264
2456700.775643	0.993253	0.000594	0.775643
2456700.777022	0.993113	0.000590	0.777022
2456700.778401	0.993578	0.000570	0.778401
2456700.779781	0.994309	0.000594	0.779781
2456700.781160	0.994890	0.000590	0.781160
2456700.782539	0.994236	0.000606	0.782539
2456700.783919	0.995252	0.000606	0.783919
2456700.785298	0.993438	0.000582	0.785298
2456700.786677	0.991716	0.000622	0.786677
2456700.788057	0.995071	0.000578	0.788057
2456700.817634	0.993205	0.000674	0.817634
2456700.819013	0.993839	0.000686	0.819013
2456700.820393	0.992591	0.000766	0.820393
2456700.821772	0.995240	0.000775	0.821772
2456700.823151	0.994866	0.000803	0.823151
2456700.824530	0.996231	0.000734	0.824530
2456700.825910	0.993775	0.000855	0.825910
2456700.827289	0.993325	0.000618	0.827289
2456700.828668	0.993450	0.000586	0.828668
2456700.830047	0.994080	0.000598	0.830047
2456700.831427	0.991166	0.000718	0.831427
2456700.832806	0.994280	0.000626	0.832806
2456700.834185	0.993313	0.000622	0.834185
2456700.835565	0.992780	0.000630	0.835565
2456700.836944	0.993662	0.000686	0.836944
2456700.838323	0.992382	0.000734	0.838323
2456700.839702	0.993490	0.000658	0.839702
2456700.841082	0.991307	0.000654	0.841082
2456700.842461	0.991391	0.000787	0.842461
2456700.843840	0.994634	0.000875	0.843840
2456700.845220	0.993249	0.000903	0.845220
2456700.846599	0.991066	0.001011	0.846599
2456700.847978	0.997138	0.001108	0.847978
2456700.849357	0.994333	0.001088	0.849357
2456700.850737	0.994208	0.001051	0.850737
2456700.852116	0.992631	0.000863	0.852116
2456700.853495	0.994264	0.000758	0.853495
2456700.854875	0.994425	0.000787	0.854875
2456700.856254	0.994357	0.000831	0.856254
2456700.857633	0.995432	0.000899	0.857633
2456700.859012	0.995541	0.000991	0.859012
2456700.860392	0.992607	0.001152	0.860392
2456700.861771	0.995729	0.001356	0.861771
2456700.864530	0.993835	0.001316	0.864530
2456700.865909	0.990649	0.001120	0.865909
2456700.867288	0.996680	0.001372	0.867288
2456700.868668	0.996744	0.001380	0.868668
2456700.870047	0.996315	0.001312	0.870047
2456700.871426	0.991909	0.001629	0.871426
2456700.872806	0.995773	0.001096	0.872806
2456700.874185	0.992603	0.001248	0.874185
2456700.875564	0.992627	0.001035	0.875564
2456700.876944	0.994834	0.001344	0.876944
2456700.878323	0.988638	0.001605	0.878323
2456700.879702	0.995793	0.000991	0.879702
2456700.881082	0.995115	0.000614	0.881082
2456700.882461	0.993731	0.000578	0.882461
2456700.883841	0.994128	0.000586	0.883841
2456700.885220	0.994168	0.000598	0.885220
2456700.886599	0.995119	0.000682	0.886599
2456700.887978	0.993281	0.000678	0.887978
2456700.889358	0.996343	0.000614	0.889358
2456700.890737	0.993839	0.000634	0.890737
2456700.892116	0.993831	0.000570	0.892116
2456700.893495	0.995380	0.000566	0.893495
2456700.894875	0.992643	0.000550	0.894875
2456700.896254	0.995910	0.000554	0.896254
2456700.897633	0.994321	0.000554	0.897633
2456700.899013	0.994573	0.000554	0.899013
2456700.900392	0.994184	0.000558	0.900392
2456700.901771	0.995103	0.000546	0.901771
2456700.903150	0.994184	0.000574	0.903150
2456700.904530	0.993000	0.000550	0.904530
2456700.905909	0.995841	0.000546	0.905909
2456700.907288	0.994947	0.000558	0.907288
2456700.908668	0.994601	0.000582	0.908668
2456700.910047	0.996383	0.000626	0.910047
2456700.911426	0.994866	0.000638	0.911426
2456700.912805	0.994176	0.000614	0.912805
2456700.914185	0.994421	0.000662	0.914185
2456700.915564	0.994401	0.000622	0.915564
2456700.916943	0.995404	0.000646	0.916943
2456700.918323	0.993687	0.000634	0.918323
2456700.919702	0.995075	0.000618	0.919702
2456700.921081	0.993534	0.000570	0.921081
2456700.922460	0.996030	0.000566	0.922460
2456700.923840	0.995689	0.000566	0.923840
2456700.925219	0.995368	0.000570	0.925219
2456700.926598	0.995396	0.000574	0.926598
2456700.927978	0.994682	0.000586	0.927978
2456700.929357	0.994333	0.000610	0.929357
2456700.930736	0.995119	0.000614	0.930736
2456700.932116	0.995007	0.000634	0.932116
2456700.933495	0.996720	0.000666	0.933495
2456700.934874	0.995934	0.000578	0.934874
2456700.936253	0.996431	0.000590	0.936253
2456700.937633	0.994746	0.000582	0.937633
2456700.939012	0.995360	0.000566	0.939012
2456700.940391	0.994172	0.000562	0.940391
2456700.941771	0.995553	0.000570	0.941771
2456700.943150	0.995693	0.000582	0.943150
2456700.944529	0.994698	0.000566	0.944529
2456700.945909	0.995829	0.000598	0.945909
2456700.947288	0.997126	0.000566	0.947288
2456700.948667	0.995717	0.000558	0.948667
2456700.950046	0.995480	0.000546	0.950046
2456700.951426	0.995737	0.000558	0.951426
2456700.952805	0.997976	0.000554	0.952805
2456700.954184	0.997202	0.000558	0.954184
2456700.955564	0.998823	0.000554	0.955564
2456700.956943	0.998980	0.000566	0.956943
2456700.958322	1.000035	0.000554	0.958322
2456700.959702	1.000003	0.000586	0.959702
2456700.961081	0.996556	0.000566	0.961081
2456700.962460	1.000400	0.000554	0.962460
2456700.963839	0.999413	0.000562	0.963839
2456700.965219	0.998891	0.000566	0.965219
2456700.966598	1.000765	0.000570	0.966598
2456700.967977	1.000392	0.000566	0.967977
2456700.969357	1.001520	0.000570	0.969357
2456700.970736	0.999377	0.000562	0.970736
2456700.972115	1.000228	0.000570	0.972115
2456700.973494	1.001139	0.000574	0.973494
2456700.974874	1.000625	0.000590	0.974874
2456700.976253	1.001805	0.000598	0.976253
2456700.977632	1.000781	0.000598	0.977632
2456700.979012	1.000288	0.000590	0.979012
2456700.980391	1.001090	0.000594	0.980391
2456700.981770	0.999762	0.000606	0.981770
2456700.983149	1.002314	0.000606	0.983149
2456700.984529	1.000075	0.000606	0.984529
2456700.985908	0.999566	0.000606	0.985908
2456700.987288	1.000854	0.000606	0.987288
2456700.988667	1.002916	0.000582	0.988667
2456700.990046	1.000814	0.000598	0.990046
2456700.991425	0.999879	0.000606	0.991425
2456700.992805	1.001207	0.000626	0.992805
2456700.994184	1.001046	0.000606	0.994184
2456700.995563	1.000970	0.000610	0.995563
2456700.996943	1.001925	0.000618	0.996943
