#BJD_TDB FLUX ERR MERIDIAN MAIRMASS
2456347.651842	1.011396	0.001008	-1	2.466240	
2456347.652999	1.001644	0.001021	-1	2.436249	
2456347.654157	1.001459	0.000979	-1	2.407007	
2456347.655303	1.002833	0.001000	-1	2.378769	
2456347.656460	1.004401	0.000987	-1	2.350941	
2456347.657618	1.007262	0.000983	-1	2.323788	
2456347.658764	1.009686	0.001008	-1	2.297548	
2456347.659909	1.013833	0.001029	-1	2.271927	
2456347.661067	0.999359	0.001021	-1	2.246654	
2456347.662224	1.001581	0.001017	-1	2.221972	
2456347.663370	1.009111	0.001021	-1	2.198100	
2456347.664528	1.004955	0.000987	-1	2.174537	
2456347.665674	1.002842	0.000992	-1	2.151737	
2456347.666819	1.007245	0.000996	-1	2.129447	
2456347.667977	0.995556	0.000992	-1	2.107433	
2456347.669134	1.001741	0.001017	-1	2.085907	
2456347.670292	1.007766	0.001021	-1	2.064855	
2456347.671438	1.005136	0.001017	-1	2.044466	
2456347.672595	1.002056	0.001000	-1	2.024315	
2456347.673741	1.008707	0.001004	-1	2.004791	
2456347.674898	1.008674	0.001021	-1	1.985489	
2456347.676044	1.003968	0.000996	-1	1.966781	
2456347.677190	1.005317	0.000992	-1	1.948463	
2456347.678348	1.005707	0.001004	-1	1.930343	
2456347.679494	1.002165	0.001008	-1	1.912774	
2456347.680651	1.008174	0.001025	-1	1.895390	
2456347.681797	0.999216	0.001029	-1	1.878529	
2456347.682943	1.002859	0.000979	-1	1.862006	
2456347.684089	1.004829	0.000987	-1	1.845812	
2456347.685246	1.006989	0.001013	-1	1.829780	
2456347.686392	0.997951	0.001004	-1	1.814222	
2456347.687549	1.001014	0.001013	-1	1.798815	
2456347.688695	1.007489	0.001017	-1	1.783859	
2456347.689841	1.007997	0.001008	-1	1.769192	
2456347.690999	1.001195	0.000992	-1	1.754662	
2456347.692145	1.002476	0.001004	-1	1.740552	
2456347.693290	1.002678	0.000996	-1	1.726710	
2456347.694448	0.997422	0.000992	-1	1.712992	
2456347.695594	0.999880	0.000966	-1	1.699667	
2456347.696751	1.002930	0.000958	-1	1.686459	
2456347.697897	1.000060	0.000966	-1	1.673626	
2456347.699055	1.000371	0.000954	-1	1.660903	
2456347.700200	1.004241	0.000945	-1	1.648539	
2456347.701358	0.999728	0.000941	-1	1.636278	
2456347.702515	1.000808	0.000933	-1	1.624242	
2456347.703673	0.999670	0.000954	-1	1.612425	
2456347.704819	1.000686	0.000950	-1	1.600937	
2456347.705965	1.001212	0.000958	-1	1.589654	
2456347.707122	1.002749	0.000941	-1	1.578460	
2456347.708268	1.001867	0.000924	-1	1.567576	
2456347.709414	1.000917	0.000924	-1	1.556882	
2456347.710571	0.999712	0.000912	-1	1.546271	
2456347.711717	1.000031	0.000903	-1	1.535950	
2456347.712863	1.000556	0.000912	-1	1.525809	
2456347.714020	0.999808	0.000916	-1	1.515743	
2456347.715178	1.000800	0.000916	-1	1.505852	
2456347.716324	0.998144	0.000916	-1	1.496229	
2456347.717470	1.001212	0.000912	-1	1.486771	
2456347.718627	1.000481	0.000916	-1	1.477381	
2456347.719773	1.001762	0.000916	-1	1.468243	
2456347.720930	0.999128	0.000916	-1	1.459170	
2456347.722076	0.999888	0.000908	-1	1.450339	
2456347.723222	0.998502	0.000908	-1	1.441657	
2456347.724380	0.999430	0.000912	-1	1.433035	
2456347.725526	1.000796	0.000908	-1	1.424642	
2456347.726683	1.001182	0.000908	-1	1.416307	
2456347.727829	1.002001	0.000899	-1	1.408192	
2456347.728975	0.999850	0.000895	-1	1.400212	
2456347.730132	0.999413	0.000903	-1	1.392285	
2456347.731278	0.998451	0.000895	-1	1.384568	
2456347.732424	0.999350	0.000895	-1	1.376977	
2456347.733581	1.000439	0.000891	-1	1.369435	
2456347.734727	1.000048	0.000891	-1	1.362092	
2456347.735873	1.000363	0.000891	-1	1.354869	
2456347.737031	1.002228	0.000899	-1	1.347693	
2456347.738177	0.996073	0.000887	-1	1.340704	
2456347.739334	0.999909	0.000887	-1	1.333760	
2456347.740480	0.999207	0.000887	-1	1.326997	
2456347.741637	1.000468	0.000878	-1	1.320278	
2456347.742795	1.002628	0.000887	-1	1.313668	
2456347.743941	1.000363	0.000887	-1	1.307230	
2456347.745087	1.000472	0.000899	-1	1.300896	
2456347.746244	0.998951	0.000882	-1	1.294602	
2456347.747390	1.000539	0.000882	-1	1.288472	
2456347.748536	0.999539	0.000878	-1	1.282440	
2456347.749693	0.999350	0.000874	-1	1.276446	
2456347.750839	0.999955	0.000882	-1	1.270608	
2456347.751985	0.998497	0.000878	-1	1.264864	
2456347.753131	0.998876	0.000874	-1	1.259212	
2456347.754288	1.001938	0.000874	-1	1.253595	
2456347.755434	0.999678	0.000878	-1	1.248125	
2456347.756592	1.001107	0.000874	-1	1.242688	
2456347.757738	0.999128	0.000878	-1	1.237393	
2456347.758883	1.000363	0.000878	-1	1.232183	
2456347.760041	1.000741	0.000878	-1	1.227005	
2456347.761187	0.997628	0.000874	-1	1.221963	
2456347.762344	0.999951	0.000874	-1	1.216952	
2456347.763490	0.999199	0.000874	-1	1.212072	
2456347.764636	0.998132	0.000874	-1	1.207270	
2456347.765793	1.000754	0.000874	-1	1.202500	
2456347.766939	0.999481	0.000878	-1	1.197854	
2456347.768097	1.000859	0.000874	-1	1.193238	
2456347.769243	1.001838	0.000870	-1	1.188743	
2456347.770389	1.000502	0.000874	-1	1.184321	
2456347.771546	1.001300	0.000874	-1	1.179928	
2456347.772692	0.999304	0.000874	-1	1.175651	
2456347.773838	1.000497	0.000870	-1	1.171445	
2456347.774995	0.998745	0.000870	-1	1.167266	
2456347.776141	1.003128	0.000870	-1	1.163198	
2456347.777287	1.000023	0.000870	-1	1.159197	
2456347.778444	1.001329	0.000866	-1	1.155224	
2456347.779590	1.001464	0.000866	-1	1.151357	
2456347.780736	0.999527	0.000870	-1	1.147555	
2456347.781894	1.000182	0.000870	-1	1.143779	
2456347.783040	1.001262	0.000870	-1	1.140105	
2456347.784197	1.001325	0.000870	-1	1.136457	
2456347.785343	1.000779	0.000861	-1	1.132907	
2456347.786489	1.000170	0.000857	-1	1.129419	
2456347.787646	0.999602	0.000861	-1	1.125957	
2456347.788792	0.998741	0.000861	-1	1.122589	
2456347.789950	1.001203	0.000861	-1	1.119246	
2456347.791095	1.001476	0.000861	-1	1.115996	
2456347.792241	0.999649	0.000866	-1	1.112803	
2456347.793387	1.000090	0.000861	-1	1.109666	
2456347.794545	1.002308	0.000866	-1	1.106555	
2456347.795691	1.000270	0.000861	-1	1.103531	
2456347.796836	0.999094	0.000866	-1	1.100562	
2456347.797994	1.001716	0.000861	-1	1.097618	
2456347.799140	1.002090	0.000866	-1	1.094757	
2456347.800286	1.000716	0.000870	-1	1.091949	
2456347.801443	1.001670	0.000861	-1	1.089167	
2456347.802589	0.999649	0.000870	-1	1.086464	
2456347.803746	1.000073	0.000857	-1	1.083787	
2456347.804892	1.000170	0.000861	-1	1.081188	
2456347.806038	1.001090	0.000870	-1	1.078639	
2456347.807196	1.000371	0.000857	-1	1.076115	
2456347.808341	1.001262	0.000857	-1	1.073666	
2456347.809487	1.001161	0.000866	-1	1.071266	
2456347.810633	1.001052	0.000874	-1	1.068914	
2456347.811779	1.001279	0.000861	-1	1.066611	
2456347.812937	1.000707	0.000861	-1	1.064333	
2456347.814082	1.001422	0.000857	-1	1.062125	
2456347.815228	1.002371	0.000857	-1	1.059964	
2456347.816374	1.001980	0.000857	-1	1.057849	
2456347.817532	0.998695	0.000861	-1	1.055760	
2456347.818678	1.000401	0.000857	-1	1.053738	
2456347.819823	1.003233	0.000861	-1	1.051761	
2456347.820969	0.999300	0.000866	-1	1.049828	
2456347.822115	1.000741	0.000857	-1	1.047941	
2456347.823273	1.000745	0.000853	-1	1.046079	
2456347.824419	1.001300	0.000861	-1	1.044280	
2456347.839593	0.989107	0.001050	1	1.024452	
2456347.840727	0.989170	0.000857	1	1.023258	
2456347.841873	0.990737	0.000853	1	1.022093	
2456347.843030	0.992161	0.000857	1	1.020955	
2456347.844176	0.992220	0.000861	1	1.019869	
2456347.845334	0.989951	0.000857	1	1.018812	
2456347.846491	0.992241	0.000861	1	1.017794	
2456347.847637	0.991851	0.000857	1	1.016826	
2456347.848783	0.992119	0.000861	1	1.015896	
2456347.849940	0.990477	0.000853	1	1.014997	
2456347.851086	0.991040	0.000849	1	1.014145	
2456347.852244	0.993296	0.000849	1	1.013323	
2456347.853390	0.991409	0.000853	1	1.012547	
2456347.854536	0.990754	0.000857	1	1.011810	
2456347.855681	0.991044	0.000857	1	1.011111	
2456347.856827	0.991661	0.000840	1	1.010449	
2456347.857973	0.992502	0.000845	1	1.009825	
2456347.859107	0.991292	0.000853	1	1.009244	
2456347.860253	0.991582	0.000853	1	1.008695	
2456347.861399	0.991708	0.000853	1	1.008183	
2456347.862545	0.991510	0.000849	1	1.007708	
2456347.863691	0.991830	0.000853	1	1.007271	
2456347.864825	0.990813	0.000861	1	1.006874	
2456347.865971	0.993451	0.000853	1	1.006510	
2456347.867117	0.991065	0.000857	1	1.006183	
2456347.868263	0.991342	0.000857	1	1.005894	
2456347.869409	0.990304	0.000866	1	1.005641	
2456347.870566	0.991111	0.000857	1	1.005422	
2456347.871712	0.993245	0.000845	1	1.005244	
2456347.872870	0.990733	0.000845	1	1.005100	
2456347.874016	0.993006	0.000853	1	1.004995	
2456347.875173	0.992943	0.000849	1	1.004926	
2456347.876319	0.993313	0.000853	1	1.004895	
2456347.877465	0.989477	0.000849	1	1.004901	
2456347.878611	0.994779	0.000853	1	1.004943	
2456347.879768	0.993103	0.000845	1	1.005023	
2456347.880914	0.993010	0.000849	1	1.005139	
2456347.882071	0.993237	0.000845	1	1.005293	
2456347.883217	0.991935	0.000849	1	1.005483	
2456347.884363	0.990989	0.000845	1	1.005710	
2456347.885509	0.993208	0.000849	1	1.005974	
2456347.886666	0.993161	0.000845	1	1.006277	
2456347.887812	0.991468	0.000845	1	1.006615	
2456347.888958	0.993808	0.000845	1	1.006990	
2456347.890104	0.993254	0.000849	1	1.007402	
2456347.891262	0.993636	0.000845	1	1.007856	
2456347.892407	0.994678	0.000836	1	1.008343	
2456347.893553	0.992561	0.000845	1	1.008867	
2456347.894688	0.991733	0.000845	1	1.009422	
2456347.895834	0.993153	0.000849	1	1.010021	
2456347.896979	0.992435	0.000845	1	1.010657	
2456347.898125	0.992670	0.000845	1	1.011330	
2456347.899271	0.994178	0.000853	1	1.012042	
2456347.900405	0.993111	0.000857	1	1.012784	
2456347.901551	0.994636	0.000849	1	1.013571	
2456347.902697	0.994212	0.000849	1	1.014396	
2456347.903843	0.993745	0.000849	1	1.015260	
2456347.904977	0.994552	0.000849	1	1.016152	
2456347.906123	0.995552	0.000849	1	1.017093	
2456347.907269	0.996262	0.000849	1	1.018072	
2456347.908427	0.995766	0.000853	1	1.019100	
2456347.909573	0.995905	0.000849	1	1.020158	
2456347.910718	0.997426	0.000853	1	1.021255	
2456347.911864	0.997636	0.000857	1	1.022391	
2456347.913010	0.996300	0.000849	1	1.023567	
2456347.914168	0.999783	0.000849	1	1.024796	
2456347.915314	0.998186	0.000849	1	1.026052	
2456347.916459	0.998468	0.000853	1	1.027349	
2456347.917605	0.999468	0.000849	1	1.028686	
2456347.918763	0.999228	0.000853	1	1.030078	
2456347.919909	0.998195	0.000845	1	1.031498	
2456347.921066	0.999073	0.000853	1	1.032974	
2456347.922212	0.998531	0.000845	1	1.034477	
2456347.923358	0.997439	0.000849	1	1.036021	
2456347.924504	0.997884	0.000853	1	1.037608	
2456347.925638	0.999728	0.000853	1	1.039221	
2456347.926784	0.996766	0.000849	1	1.040892	
2456347.927930	0.998220	0.000853	1	1.042606	
2456347.929076	1.000018	0.000849	1	1.044364	
2456347.930222	1.000237	0.000840	1	1.046165	
2456347.931367	0.998602	0.000840	1	1.048010	
2456347.932502	0.997888	0.000845	1	1.049880	
2456347.933648	0.999065	0.000840	1	1.051813	
2456347.934793	0.999514	0.000840	1	1.053792	
2456347.935939	0.997044	0.000840	1	1.055815	
2456347.937085	0.998850	0.000840	1	1.057884	
2456347.938220	0.998136	0.000836	1	1.059978	
2456347.939365	0.997056	0.000840	1	1.062140	
2456347.940511	0.999703	0.000845	1	1.064348	
2456347.941657	0.999056	0.000849	1	1.066603	
2456347.942803	0.998863	0.000840	1	1.068906	
2456347.943949	0.998165	0.000849	1	1.071258	
2456347.945095	0.998846	0.000845	1	1.073657	
2456347.946252	0.998817	0.000845	1	1.076131	
2456347.947398	0.997644	0.000849	1	1.078630	
2456347.948544	0.997514	0.000853	1	1.081179	
2456347.949678	0.996678	0.000857	1	1.083752	
2456347.950824	0.997140	0.000853	1	1.086401	
2456347.951970	0.997077	0.000845	1	1.089102	
2456347.953116	0.996262	0.000849	1	1.091856	
2456347.954262	0.996699	0.000840	1	1.094661	
2456347.955408	0.996590	0.000845	1	1.097520	
2456347.956554	0.996817	0.000845	1	1.100433	
2456347.957700	0.998741	0.000832	1	1.103400	
2456347.958845	0.998703	0.000836	1	1.106422	
2456347.959991	0.997216	0.000840	1	1.109499	
2456347.961126	0.997733	0.000845	1	1.112600	
2456347.962271	0.999111	0.000849	1	1.115790	
2456347.963417	0.998548	0.000840	1	1.119036	
2456347.964563	0.998934	0.000836	1	1.122341	
2456347.965709	0.998308	0.000836	1	1.125705	
2456347.966855	0.998224	0.000832	1	1.129128	
2456347.967989	0.998770	0.000836	1	1.132576	
2456347.969135	0.998300	0.000832	1	1.136119	
2456347.970281	0.998224	0.000832	1	1.139725	
2456347.971427	0.998455	0.000828	1	1.143392	
2456347.972573	0.997934	0.000824	1	1.147123	
2456347.973719	0.998783	0.000832	1	1.150918	
2456347.974853	0.996229	0.000840	1	1.154739	
2456347.975999	0.999060	0.000840	1	1.158664	
2456347.977145	0.998388	0.000840	1	1.162655	
2456347.978291	0.996434	0.000836	1	1.166714	
2456347.979437	0.996695	0.000840	1	1.170841	
2456347.980582	0.996010	0.000849	1	1.175038	
2456347.981717	0.997577	0.000840	1	1.179261	
2456347.982863	0.997073	0.000849	1	1.183599	
2456347.984008	0.996548	0.000849	1	1.188008	
