#BJD_TDB FLUX ERR MAIRMASS
2456402.573524	0.999852	0.000724	1.311968
2456402.575118	1.000514	0.000706	1.303334
2456402.576497	0.999913	0.000706	1.296014
2456402.577876	1.001847	0.000715	1.288832
2456402.579255	0.999269	0.000706	1.281787
2456402.580634	1.002500	0.000794	1.274874
2456402.584772	1.001494	0.000733	1.254911
2456402.586151	1.001202	0.000689	1.248506
2456402.587530	1.001105	0.000662	1.242223
2456402.588909	1.003400	0.000671	1.236059
2456402.590288	0.998121	0.000662	1.230011
2456402.591667	0.998395	0.000671	1.224079
2456402.593046	0.999781	0.000689	1.218259
2456402.594425	1.000425	0.000697	1.212550
2456402.595805	0.999993	0.000671	1.206949
2456402.597184	1.001776	0.000680	1.201456
2456402.598563	0.999922	0.000689	1.196068
2456402.599942	0.999384	0.000689	1.190784
2456402.603837	0.998369	0.000671	1.176403
2456402.605216	0.999190	0.000662	1.171498
2456402.606596	0.996541	0.000671	1.166690
2456402.609815	0.995155	0.000653	1.155830
2456402.611194	0.995703	0.000874	1.151330
2456402.617708	0.995623	0.001050	1.131265
2456402.630120	0.992330	0.000697	1.098104
2456402.632878	0.994308	0.000742	1.091576
2456402.634258	0.994361	0.000794	1.088421
2456402.635637	0.993257	0.000662	1.085338
2456402.637016	0.991580	0.000653	1.082326
2456402.638395	0.992684	0.000644	1.079384
2456402.639774	0.993893	0.000636	1.076510
2456402.641153	0.992940	0.000636	1.073706
2456402.642532	0.992966	0.000636	1.070969
2456402.643911	0.994264	0.000636	1.068299
2456402.645290	0.993222	0.000750	1.065695
2456402.649428	0.995738	0.000803	1.058274
2456402.650807	0.993619	0.000812	1.055929
2456402.652186	0.993460	0.000697	1.053647
2456402.653565	0.993443	0.000653	1.051428
2456402.663049	0.993098	0.000627	1.037814
2456402.664680	0.991095	0.000644	1.035755
2456402.666059	0.992675	0.000794	1.034079
2456402.667438	0.991306	0.000680	1.032460
2456402.668818	0.991509	0.000627	1.030898
2456402.670197	0.992251	0.000627	1.029393
2456402.671576	0.992666	0.000627	1.027945
2456402.672955	0.992595	0.000618	1.026553
2456402.674334	0.992233	0.000618	1.025217
2456402.675713	0.994608	0.000662	1.023936
2456402.677092	0.992339	0.000653	1.022710
2456402.678471	0.993893	0.000697	1.021540
2456402.679850	0.993231	0.000697	1.020424
2456402.686746	0.994043	0.000715	1.015655
2456402.688125	0.991227	0.000671	1.014861
2456402.689504	0.992410	0.000662	1.014121
2456402.690883	0.992816	0.000636	1.013434
2456402.692262	0.993787	0.000627	1.012800
2456402.693641	0.991395	0.000627	1.012218
2456402.695020	0.991474	0.000627	1.011688
2456402.696399	0.993151	0.000636	1.011211
2456402.697778	0.993319	0.000627	1.010786
2456402.699158	0.993805	0.000627	1.010413
2456402.700537	0.993593	0.000644	1.010092
2456402.701916	0.990971	0.000653	1.009823
2456402.703295	0.993990	0.000644	1.009606
2456402.704674	0.992207	0.000618	1.009441
2456402.706053	0.991924	0.000627	1.009328
2456402.707432	0.992401	0.000618	1.009266
2456402.708811	0.991801	0.000609	1.009256
2456402.710190	0.993584	0.000618	1.009298
2456402.711570	0.992622	0.000618	1.009392
2456402.712949	0.992330	0.000609	1.009538
2456402.714328	0.993681	0.000627	1.009735
2456402.715707	0.993399	0.000627	1.009984
2456402.717086	0.993301	0.000618	1.010285
2456402.718465	0.991801	0.000653	1.010638
2456402.719844	0.993134	0.000662	1.011043
2456402.721223	0.993028	0.000636	1.011501
2456402.722602	0.992392	0.000636	1.012010
2456402.723981	0.992816	0.000627	1.012572
2456402.725360	0.992825	0.000618	1.013187
2456402.726739	0.995155	0.000627	1.013854
2456402.728119	0.992993	0.000627	1.014574
2456402.729498	0.992975	0.000618	1.015347
2456402.730877	0.990556	0.000618	1.016174
2456402.732256	0.992216	0.000618	1.017053
2456402.733635	0.992922	0.000636	1.017986
2456402.735014	0.991942	0.000627	1.018973
2456402.736393	0.992719	0.000627	1.020014
2456402.737772	0.994564	0.000627	1.021110
2456402.739151	0.992304	0.000627	1.022260
2456402.740530	0.991924	0.000618	1.023464
2456402.741909	0.994370	0.000627	1.024724
2456402.743289	0.992383	0.000618	1.026039
2456402.744668	0.994361	0.000627	1.027410
2456402.746047	0.991351	0.000618	1.028837
2456402.747426	0.993813	0.000627	1.030320
2456402.748805	0.992251	0.000627	1.031860
2456402.750184	0.992216	0.000618	1.033457
2456402.751563	0.991845	0.000618	1.035112
2456402.752942	0.994290	0.000627	1.036825
2456402.754321	0.992127	0.000618	1.038595
2456402.755700	0.992966	0.000653	1.040425
2456402.757079	0.992551	0.000627	1.042314
2456402.758459	0.993337	0.000636	1.044263
2456402.759838	0.993275	0.000636	1.046272
2456402.761217	0.993628	0.000627	1.048341
2456402.762596	0.991730	0.000618	1.050472
2456402.763975	0.991810	0.000627	1.052664
2456402.765354	0.992648	0.000627	1.054919
2456402.766733	0.992710	0.000627	1.057236
2456402.768112	0.993478	0.000627	1.059617
2456402.769491	0.992595	0.000627	1.062062
2456402.770871	0.993249	0.000627	1.064572
2456402.772250	0.992728	0.000627	1.067147
2456402.773629	0.992498	0.000636	1.069788
2456402.775008	0.991854	0.000627	1.072496
2456402.776387	0.992383	0.000724	1.075271
2456402.777766	0.992560	0.000759	1.078114
2456402.779146	0.992428	0.000636	1.081026
2456402.780525	0.992481	0.000627	1.084007
2456402.781904	0.991509	0.000636	1.087059
2456402.783283	0.994246	0.000636	1.090182
2456402.784662	0.992807	0.000636	1.093377
2456402.786041	0.994131	0.000636	1.096645
2456402.787420	0.995023	0.000653	1.099987
2456402.788799	0.992436	0.000636	1.103404
2456402.790178	0.992763	0.000627	1.106896
2456402.791557	0.992180	0.000644	1.110465
2456402.792936	0.993761	0.000653	1.114112
2456402.794316	0.993425	0.000662	1.117838
2456402.795695	0.993372	0.000653	1.121643
2456402.797074	0.992798	0.000636	1.125529
2456402.798453	0.993240	0.000644	1.129497
2456402.799832	0.993549	0.000636	1.133548
2456402.801211	0.993655	0.000644	1.137683
2456402.802590	0.993840	0.000636	1.141904
2456402.803969	0.992542	0.000636	1.146211
2456402.805348	0.992498	0.000644	1.150607
2456402.806727	0.993001	0.000662	1.155092
2456402.808107	0.995049	0.000671	1.159668
2456402.809486	0.994114	0.000653	1.164335
2456402.810865	0.993981	0.000653	1.169096
2456402.812244	0.996091	0.000653	1.173952
2456402.813623	0.992631	0.000636	1.178905
2456402.815002	0.993690	0.000636	1.183956
2456402.816381	0.993796	0.000644	1.189106
2456402.817760	0.995058	0.000636	1.194357
2456402.819140	0.995950	0.000627	1.199712
2456402.820519	0.994122	0.000636	1.205171
2456402.821898	0.995226	0.000636	1.210737
2456402.823277	0.996338	0.000653	1.216411
2456402.824656	0.998236	0.000644	1.222194
2456402.826035	0.997865	0.000662	1.228090
2456402.827414	0.996771	0.000653	1.234101
2456402.828793	0.997142	0.000636	1.240227
2456402.830172	0.998298	0.000653	1.246472
2456402.831552	0.997918	0.000653	1.252838
2456402.832931	0.997353	0.000644	1.259326
2456402.834310	0.998351	0.000662	1.265939
2456402.835689	1.000478	0.000662	1.272679
2456402.837068	0.998854	0.000653	1.279550
2456402.838448	1.000858	0.000653	1.286557
2456402.839827	0.997971	0.000662	1.293694
2456402.841206	0.998969	0.000653	1.300969
2456402.842585	1.000266	0.000653	1.308384
2456402.843964	1.001352	0.000662	1.315943
2456402.845343	0.997044	0.000653	1.323648
2456402.846722	1.001185	0.000653	1.331502
2456402.848102	1.000302	0.000644	1.339509
2456402.849481	0.999922	0.000653	1.347670
2456402.850860	0.999251	0.000644	1.355991
2456402.852239	0.999596	0.000653	1.364472
2456402.853618	1.000372	0.000653	1.373121
2456402.854997	1.000823	0.000644	1.381937
2456402.856376	1.000602	0.000653	1.390927
2456402.857755	0.999498	0.000653	1.400094
2456402.859134	0.999004	0.000644	1.409442
2456402.860513	0.998033	0.000644	1.418973
2456402.861893	0.999684	0.000653	1.428695
2456402.863272	0.998748	0.000671	1.438609
2456402.864651	0.998748	0.000653	1.448725
2456402.866030	1.003868	0.000662	1.459039
2456402.867409	0.996956	0.000644	1.469561
2456402.868788	0.999013	0.000662	1.480296
2456402.870168	1.000681	0.000653	1.491253
2456402.871547	0.999613	0.000671	1.502430
2456402.872926	0.999640	0.000662	1.513833
2456402.874305	0.999198	0.000653	1.525471
2456402.875684	0.998245	0.000662	1.537349
2456402.881019	0.998130	0.000662	1.585671
2456402.882642	0.997865	0.000689	1.601159
2456402.884021	1.001494	0.000680	1.614626
2456402.885400	0.997715	0.000680	1.628380
2456402.886779	1.000593	0.000689	1.642429
2456402.888158	1.000487	0.000689	1.656782
2456402.889538	0.999401	0.000689	1.671447
2456402.890917	1.000381	0.000680	1.686433
2456402.892296	0.998607	0.000671	1.701752
2456402.896434	1.001264	0.000724	1.749788
2456402.897813	0.998704	0.000724	1.766523
2456402.899193	1.001953	0.000733	1.783644
2456402.900572	1.002403	0.000750	1.801155
2456402.901951	0.997989	0.000706	1.819072
2456402.903330	1.003286	0.000697	1.837403
2456402.904710	1.001847	0.000715	1.856167
2456402.906089	0.998166	0.000715	1.875377
2456402.907469	0.999560	0.000706	1.895046
2456402.908848	0.999472	0.000742	1.915185
2456402.910227	0.999181	0.000759	1.935806
2456402.911606	0.999675	0.000750	1.956933
2456402.912985	1.001626	0.000742	1.978580
