2458601.748562 1.007994 0.005556
2458601.749951 1.003015 0.005570
2458601.751340 0.997474 0.005549
2458601.752729 1.012404 0.005567
2458601.754118 1.002331 0.005556
2458601.755507 1.002200 0.005559
2458601.756896 1.003212 0.005573
2458601.758285 0.997597 0.005556
2458601.759674 0.995756 0.005552
2458601.761062 1.006547 0.005566
2458601.762451 1.008624 0.005556
2458601.763840 1.011405 0.005558
2458601.765229 1.003342 0.005555
2458601.766618 1.007020 0.005559
2458601.768007 1.003458 0.005552
2458601.769396 1.000734 0.005557
2458601.770785 0.999221 0.005552
2458601.772173 0.994692 0.005553
2458601.773562 0.998339 0.005553
2458601.774951 1.003461 0.005553
2458601.776340 1.001697 0.005557
2458601.777729 0.990996 0.005553
2458601.779118 1.008354 0.005558
2458601.780507 0.995834 0.005554
2458601.781896 0.998650 0.005555
2458601.783285 1.005212 0.005551
2458601.784673 0.995397 0.005539
2458601.786062 1.002395 0.005558
2458601.787451 0.995290 0.005550
2458601.788840 1.011183 0.005560
2458601.790229 1.001263 0.005547
2458601.791618 1.003718 0.005562
2458601.793007 1.002236 0.005554
2458601.794396 0.994322 0.005546
2458601.795785 0.999311 0.005544
2458601.797173 0.995949 0.005543
2458601.798562 1.015743 0.005555
2458601.799951 1.005268 0.005549
2458601.801340 1.004710 0.005544
2458601.802729 1.001886 0.005548
2458601.804118 1.001051 0.005547
2458601.805507 1.004089 0.005550
2458601.806896 0.992100 0.005566
2458601.808285 0.997126 0.005543
2458601.809673 0.995711 0.005539
2458601.811062 0.993283 0.005541
2458601.812451 0.997976 0.005537
2458601.813840 1.002311 0.005539
2458601.815229 1.003187 0.005547
2458601.816618 0.996154 0.005543
2458601.818007 0.992785 0.005536
2458601.819396 0.995027 0.005532
2458601.820784 1.000610 0.005546
2458601.822173 0.999247 0.005539
2458601.823562 1.001412 0.005545
2458601.824951 1.008894 0.005542
2458601.826340 0.998704 0.005543
2458601.827729 1.000075 0.005539
2458601.829118 1.004832 0.005541
2458601.830507 0.999216 0.005534
2458601.831896 0.989979 0.005529
2458601.833284 1.007699 0.005537
2458601.834673 1.001576 0.005541
2458601.836062 0.999158 0.005557
2458601.837451 0.994714 0.005528
2458601.838840 1.003979 0.005541
2458601.840229 1.006952 0.005545
2458601.841618 1.000194 0.005540
2458601.843007 0.999743 0.005529
2458601.844396 0.996199 0.005529
2458601.845784 1.003070 0.005538
2458601.847173 0.996149 0.005517
2458601.848562 1.007251 0.005541
2458601.849951 0.994991 0.005533
2458601.851340 0.995566 0.005534
2458601.852729 1.004527 0.005524
2458601.854118 0.998831 0.005527
2458601.855507 1.009039 0.005537
2458601.856895 1.003593 0.005537
2458601.858284 1.003214 0.005524
2458601.859673 1.000243 0.005525
2458601.861062 1.002375 0.005528
2458601.862451 0.998562 0.005526
2458601.863840 0.998841 0.005527
2458601.865229 1.002184 0.005520
2458601.866618 0.996721 0.005524
2458601.868007 1.001121 0.005521
2458601.869395 0.999859 0.005520
2458601.870784 1.003015 0.005528
2458601.872173 1.010550 0.005528
2458601.873562 1.000499 0.005518
2458601.874951 1.007372 0.005529
2458601.876340 1.000484 0.005524
2458601.877729 1.002895 0.005530
2458601.879118 1.000679 0.005537
2458601.880507 1.004919 0.005528
2458601.881895 1.000976 0.005514
2458601.883284 0.988802 0.005522
2458601.884673 1.001554 0.005520
2458601.886062 1.006061 0.005515
2458601.887451 0.992801 0.005518
2458601.888840 1.000249 0.005513
2458601.890229 1.001204 0.005514
2458601.891618 1.001615 0.005523
2458601.893006 1.002068 0.005527
2458601.894395 0.990565 0.005511
2458601.895784 0.993341 0.005522
2458601.897173 0.992973 0.005517
2458601.898562 1.007075 0.005521
2458601.899951 0.994698 0.005513
2458601.901340 0.992855 0.005518
2458601.902729 0.998790 0.005509
2458601.904118 0.999891 0.005521
2458601.905506 0.998713 0.005539
2458601.906895 0.997222 0.005515
2458601.908284 0.990511 0.005524
2458601.909673 1.001268 0.005514
2458601.911062 0.997466 0.005510
2458601.912451 0.997336 0.005508
2458601.913840 0.995184 0.005510
2458601.915229 0.996459 0.005513
2458601.916618 0.991463 0.005513
2458601.918006 0.984025 0.005498
2458601.919395 1.000414 0.005516
2458601.920784 0.997243 0.005514
2458601.922173 0.996835 0.005525
2458601.923562 0.996579 0.005514
2458601.924951 1.001925 0.005520
2458601.926340 0.997817 0.005512
2458601.927729 0.990260 0.005509
2458601.929117 0.997491 0.005501
2458601.930506 1.003359 0.005520
2458601.931895 1.000772 0.005512
2458601.933284 1.002414 0.005528
2458601.934673 0.995833 0.005518
2458601.936062 0.993275 0.005526
2458601.937451 0.997129 0.005508
2458601.938840 0.983949 0.005506
2458601.940229 0.992944 0.005509
2458601.941617 0.998517 0.005510
2458601.943006 0.992056 0.005502
2458601.944395 0.987378 0.005505
2458601.945784 0.994335 0.005510
2458601.947173 1.003032 0.005513
2458601.948562 0.994734 0.005502
2458601.949951 0.993325 0.005509
2458601.951340 1.001422 0.005509
2458601.952729 0.992655 0.005506
2458601.954117 0.998597 0.005506
2458601.955506 0.993827 0.005500
2458601.956895 0.998340 0.005510
2458601.958284 0.990993 0.005500
2458601.959673 1.008317 0.005511
2458601.961062 1.000696 0.005496
2458601.962451 0.990866 0.005505
2458601.963840 0.997569 0.005508
2458601.965229 0.995059 0.005512
2458601.966617 0.992286 0.005502
2458601.968006 0.992820 0.005503
2458601.969395 1.001019 0.005526
2458601.970784 0.992542 0.005496
2458601.972173 0.996777 0.005501
2458601.973562 0.998801 0.005495
2458601.974951 0.981592 0.005494
2458601.976340 1.001507 0.005503
2458601.977728 0.998318 0.005516
2458601.979117 0.996600 0.005526
2458601.980506 1.004085 0.005499
2458601.981895 1.007744 0.005507
2458601.983284 1.000018 0.005508
2458601.984673 1.003633 0.005503
2458601.986062 0.996657 0.005495
2458601.987451 1.003224 0.005516
2458601.988840 1.003523 0.005502
2458601.990228 0.997349 0.005503
2458601.991617 1.007185 0.005509
2458601.993006 0.993470 0.005492
2458601.994395 0.998421 0.005504
2458601.995784 0.999207 0.005505
2458601.997173 1.004080 0.005506
2458601.998562 1.001018 0.005506
2458601.999951 0.995866 0.005511
2458602.001340 1.002918 0.005496
2458602.002728 0.995561 0.005496
2458602.004117 1.009878 0.005497
2458602.005506 1.000620 0.005494
2458602.006895 1.002521 0.005513
2458602.008284 1.007047 0.005499
2458602.009673 1.001852 0.005504
2458602.011062 1.000693 0.005517
2458602.012451 0.998564 0.005494
2458602.013839 1.005616 0.005498
2458602.015228 1.002788 0.005502
2458602.016617 1.003502 0.005515
2458602.018006 0.995860 0.005496
2458602.019395 1.002190 0.005512
2458602.020784 1.004686 0.005513
2458602.022173 1.001085 0.005500
2458602.023562 1.003367 0.005502
2458602.024951 1.000783 0.005499
2458602.026339 1.002214 0.005497
2458602.027728 0.990334 0.005491
2458602.029117 1.002827 0.005495
2458602.030506 1.000608 0.005491
2458602.031895 1.004965 0.005493
2458602.033284 0.999376 0.005489
2458602.034673 1.004742 0.005502
2458602.036062 1.005251 0.005482
2458602.037451 1.002001 0.005490
2458602.038839 1.001384 0.005490
2458602.040228 1.001683 0.005486
2458602.041617 0.991413 0.005495
2458602.043006 0.988229 0.005490
2458602.044395 1.002705 0.005510
2458602.045784 1.003058 0.005488
2458602.047173 1.006308 0.005486
2458602.048562 1.000415 0.005489
2458602.049950 1.009130 0.005499
2458602.051339 0.993559 0.005494
2458602.052728 1.003785 0.005487
2458602.054117 0.994782 0.005486
2458602.055506 0.994014 0.005488
2458602.056895 1.009822 0.005485
2458602.058284 0.995393 0.005491
2458602.059673 1.001064 0.005474
2458602.061062 1.001052 0.005482
2458602.062450 1.000565 0.005482
2458602.063839 1.004750 0.005484
2458602.065228 0.997524 0.005491
2458602.066617 0.999729 0.005486
2458602.068006 0.997360 0.005482
2458602.069395 0.999297 0.005490
2458602.070784 1.003796 0.005491
2458602.072173 1.002592 0.005500
2458602.073562 0.998210 0.005489
2458602.074950 0.994730 0.005480
2458602.076339 0.994820 0.005484
2458602.077728 0.990013 0.005480
2458602.079117 1.000013 0.005478
2458602.080506 0.997684 0.005492
2458602.081895 0.992524 0.005469
2458602.083284 1.000006 0.005479
2458602.084673 1.003286 0.005480
2458602.086061 0.996913 0.005479
2458602.087450 1.003354 0.005483
2458602.088839 0.996682 0.005480
2458602.090228 1.000053 0.005482
2458602.091617 1.005871 0.005486
2458602.093006 0.996127 0.005467
2458602.094395 0.996433 0.005472
2458602.095784 0.993182 0.005479
2458602.097173 1.000701 0.005478
2458602.098561 1.001414 0.005474
2458602.099950 0.996473 0.005486
2458602.101339 1.000215 0.005476
2458602.102728 1.003518 0.005487
2458602.104117 0.998808 0.005484
2458602.105506 0.997315 0.005512
2458602.106895 0.997816 0.005467
2458602.108284 1.004377 0.005478
2458602.109673 1.006261 0.005473
2458602.111061 0.998064 0.005494
2458602.112450 1.000904 0.005473
2458602.113839 0.996467 0.005495
2458602.115228 0.990563 0.005482
2458602.116617 0.993337 0.005466
2458602.118006 1.002530 0.005478
2458602.119395 1.004647 0.005481
2458604.934658 0.997471 0.005325
2458604.936047 1.004408 0.005328
2458604.937436 0.998164 0.005317
2458604.938825 0.994934 0.005317
2458604.940214 0.998805 0.005335
2458604.941602 0.997741 0.005321
2458604.942991 1.014591 0.005326
2458604.944380 1.003279 0.005328
2458604.945769 0.992020 0.005315
2458604.947158 1.000595 0.005337
2458604.948547 0.996443 0.005316
2458604.949936 1.003042 0.005326
2458604.951325 0.996334 0.005320
2458604.952713 1.002407 0.005325
2458604.954102 1.001063 0.005320
2458604.955491 1.002226 0.005328
2458604.956880 1.007623 0.005327
2458604.958269 0.998249 0.005336
2458604.959658 0.993061 0.005314
2458604.961047 1.007017 0.005324
2458604.962436 0.996932 0.005341
2458604.963824 0.998685 0.005318
2458604.965213 1.002273 0.005325
2458604.966602 1.002695 0.005327
2458604.967991 1.002119 0.005316
2458604.969380 1.006600 0.005331
2458604.970769 0.998630 0.005321
2458604.972158 0.995752 0.005314
2458604.973547 0.993997 0.005332
2458604.974936 0.996589 0.005335
2458604.976324 1.000651 0.005322
2458604.977713 1.007684 0.005325
2458604.979102 0.999748 0.005316
2458604.980491 1.002171 0.005318
2458604.981880 1.001637 0.005317
2458604.983269 1.004760 0.005320
2458604.984658 1.005541 0.005342
2458604.986047 1.005013 0.005347
2458604.987435 1.009736 0.005331
2458604.988824 0.995901 0.005322
2458604.990213 0.996339 0.005323
2458604.991602 1.000946 0.005318
2458604.992991 1.001847 0.005329
2458604.994380 1.000691 0.005326
2458604.995769 1.007819 0.005322
2458604.997158 0.999385 0.005320
2458604.998546 1.006721 0.005334
2458604.999935 1.000217 0.005320
2458605.001324 0.997702 0.005315
2458605.002713 0.996967 0.005335
2458605.004102 0.997021 0.005318
2458605.005491 1.011285 0.005324
2458605.006880 0.997584 0.005322
2458605.008269 0.999782 0.005318
2458605.009657 1.007773 0.005329
2458605.011046 1.002667 0.005322
2458605.012435 0.996516 0.005338
2458605.013824 0.995691 0.005313
2458605.015213 0.998834 0.005333
2458605.016602 1.000852 0.005321
2458605.017991 1.003429 0.005320
2458605.019380 1.003742 0.005320
2458605.020768 0.997465 0.005341
2458605.022157 0.993110 0.005319
2458605.023546 1.004543 0.005321
2458605.024935 0.998632 0.005326
2458605.026324 1.001894 0.005330
2458605.027713 0.999401 0.005317
2458605.029102 0.998331 0.005321
2458605.030491 1.010834 0.005341
2458605.031880 0.991178 0.005332
2458605.033268 0.999847 0.005316
2458605.034657 0.998324 0.005327
2458605.036046 0.998098 0.005315
2458605.037435 0.998201 0.005310
2458605.038824 1.001418 0.005320
2458605.040213 1.004864 0.005339
2458605.041602 1.000377 0.005329
2458605.042991 1.000039 0.005316
2458605.044379 0.994785 0.005314
2458605.045768 1.007670 0.005320
2458605.047157 0.997424 0.005319
2458605.048546 1.002555 0.005334
2458605.049935 0.995129 0.005319
2458605.051324 1.002417 0.005318
2458605.052713 0.997418 0.005321
2458605.054102 1.005020 0.005324
2458605.055490 1.006959 0.005326
2458605.056879 1.007309 0.005322
2458605.058268 0.995626 0.005312
2458605.059657 0.996421 0.005317
2458605.061046 1.001175 0.005326
2458605.062435 1.000866 0.005331
2458605.063824 0.992659 0.005317
2458605.065213 1.002177 0.005323
2458605.066601 1.000763 0.005315
2458605.067990 0.995914 0.005311
2458605.069379 1.003161 0.005327
2458605.070768 1.000793 0.005324
2458605.072157 0.998429 0.005328
2458605.073546 1.001369 0.005345
2458605.074935 0.996915 0.005314
2458605.076324 0.993564 0.005321
2458605.077713 0.995699 0.005314
2458605.079101 0.999213 0.005337
2458605.080490 0.994628 0.005319
2458605.081879 0.990159 0.005311
2458605.083268 0.991912 0.005319
2458605.084657 0.996481 0.005321
2458605.086046 0.986904 0.005309
2458605.087435 0.991504 0.005310
2458605.088824 0.997016 0.005319
2458605.090212 0.990796 0.005314
2458605.091601 0.995016 0.005336
2458605.092990 0.990469 0.005308
2458605.094379 0.996874 0.005309
2458605.095768 0.997741 0.005322
2458605.097157 0.993122 0.005322
2458605.098546 0.992302 0.005316
2458605.099935 0.992884 0.005317
2458605.101323 1.000999 0.005325
2458605.102712 0.999036 0.005318
2458605.104101 0.993341 0.005312
2458605.105490 0.988530 0.005306
2458605.106879 1.003980 0.005340
2458605.108268 0.997502 0.005317
2458605.109657 0.992828 0.005317
2458605.111046 0.999697 0.005319
2458605.112434 1.001566 0.005316
2458605.113823 0.990991 0.005314
2458605.115212 0.995462 0.005337
2458605.116601 0.996477 0.005321
2458605.117990 0.998829 0.005315
2458605.119379 0.995682 0.005320
2458605.120768 0.999346 0.005321
2458605.122157 0.993109 0.005319
2458605.123546 0.993348 0.005333
2458605.124934 0.996588 0.005320
2458605.126323 0.990885 0.005329
2458605.127712 0.999256 0.005311
2458605.129101 1.000937 0.005313
2458605.130490 0.996729 0.005338
2458605.131879 0.995251 0.005337
2458605.133268 0.997216 0.005319
2458605.134657 0.995064 0.005326
2458605.136045 0.995596 0.005323
2458605.137434 0.993322 0.005331
2458605.138823 0.995872 0.005323
2458605.140212 0.998319 0.005314
2458605.141601 0.995764 0.005313
2458605.142990 0.993412 0.005313
2458605.144379 0.994950 0.005344
2458605.145768 0.990064 0.005332
2458605.147156 0.992560 0.005318
2458605.148545 1.000787 0.005319
2458605.149934 1.003138 0.005319
2458605.151323 0.999998 0.005330
2458605.152712 0.998145 0.005317
2458605.154101 0.999567 0.005327
2458605.155490 0.993038 0.005313
2458605.156879 0.989275 0.005320
2458605.158267 0.997482 0.005319
2458605.159656 0.997159 0.005315
2458605.161045 0.995047 0.005319
2458605.162434 0.993941 0.005320
2458605.163823 1.005830 0.005324
2458605.165212 1.001026 0.005319
2458605.166601 1.005642 0.005319
2458605.167990 1.001159 0.005337
2458605.169378 0.999494 0.005334
2458605.170767 0.996779 0.005324
2458605.172156 1.004746 0.005324
2458605.173545 1.001576 0.005320
2458605.174934 0.998544 0.005323
2458605.176323 1.005130 0.005332
2458605.177712 1.001835 0.005319
2458605.179101 1.000219 0.005333
2458605.180490 0.997845 0.005337
2458605.181878 0.992798 0.005317
2458605.183267 0.997441 0.005317
2458605.184656 0.993869 0.005314
2458605.186045 0.991409 0.005320
2458605.187434 0.993749 0.005322
2458605.188823 1.006142 0.005329
2458605.190212 0.995794 0.005319
2458605.191601 1.005870 0.005328
2458605.192989 0.998678 0.005329
2458605.194378 1.003907 0.005331
2458605.195767 0.998110 0.005324
2458605.197156 1.001420 0.005317
2458605.198545 1.000957 0.005320
2458605.199934 0.995807 0.005320
2458605.201323 1.004936 0.005332
2458605.202712 0.996334 0.005321
2458605.204100 1.004415 0.005324
2458605.205489 0.998007 0.005344
2458605.206878 0.995227 0.005323
2458605.208267 1.005171 0.005328
2458605.209656 1.001587 0.005321
2458605.211045 1.000044 0.005332
2458605.212434 1.003078 0.005317
2458605.213823 1.005584 0.005329
2458605.215211 1.005266 0.005348
2458605.216600 1.000633 0.005331
2458605.217989 1.003910 0.005323
2458605.219378 1.006883 0.005326
2458605.220767 1.002315 0.005316
2458605.222156 0.999720 0.005348
2458605.223545 0.995012 0.005318
2458605.224934 1.006617 0.005330
2458605.226323 1.007408 0.005318
2458605.227711 0.996097 0.005325
2458605.229100 1.004568 0.005328
2458605.230489 1.002184 0.005325
2458605.231878 1.002613 0.005327
2458605.233267 1.002531 0.005347
2458605.234656 0.991778 0.005318
2458605.236045 0.997639 0.005326
2458605.237434 0.995878 0.005323
2458605.238822 1.002648 0.005325
2458605.240211 1.001516 0.005322
2458605.241600 0.998960 0.005332
2458605.242989 1.004709 0.005330
2458605.244378 0.999148 0.005317
2458605.245767 1.002549 0.005327
2458605.247156 0.995124 0.005331
2458605.248545 0.998591 0.005314
2458605.249933 0.998528 0.005314
2458605.251322 1.003780 0.005339
2458605.252711 0.996929 0.005326
2458605.254100 0.998730 0.005323
2458605.255489 0.997346 0.005315
2458605.256878 0.994641 0.005328
2458605.258267 1.007512 0.005327
2458605.259656 1.002328 0.005324
2458605.261044 0.990492 0.005318
2458605.262433 0.996857 0.005328
2458605.263822 1.006704 0.005329
2458605.265211 1.000301 0.005322
2458605.266600 1.002453 0.005318
2458605.267989 1.008813 0.005341
2458605.269378 0.999649 0.005327
2458605.270767 0.999135 0.005327
2458605.272155 1.003094 0.005321
2458605.273544 0.997034 0.005313
2458605.274933 1.008329 0.005348
2458605.276322 1.002407 0.005323
2458605.277711 0.994299 0.005327
2458605.279100 0.998277 0.005314
2458605.280489 0.999500 0.005318
2458605.281878 0.999032 0.005319
2458605.283267 0.997505 0.005325
2458605.284655 1.001997 0.005322
2458605.286044 0.995994 0.005313
2458605.287433 0.997315 0.005315
2458605.288822 1.006004 0.005322
2458605.290211 1.001484 0.005324
2458605.291600 1.005992 0.005328
2458605.292989 1.002131 0.005325
2458605.294378 0.991507 0.005317
2458605.295766 0.990366 0.005324
2458605.297155 1.002127 0.005333
2458605.298544 1.006044 0.005321
2458605.299933 1.002415 0.005323
2458605.301322 1.004472 0.005331
2458605.302711 0.995758 0.005315
2458605.304100 1.002475 0.005341
2458605.305489 0.996031 0.005345
2458608.119348 1.001799 0.005300
2458608.120737 1.004278 0.005316
2458608.122126 1.000281 0.005316
2458608.123515 1.002793 0.005301
2458608.124904 0.994753 0.005306
2458608.126293 1.007618 0.005301
2458608.127682 1.001708 0.005324
2458608.129071 1.007370 0.005304
2458608.130459 0.995035 0.005303
2458608.131848 0.999298 0.005305
2458608.133237 1.001984 0.005310
2458608.134626 1.003811 0.005306
2458608.136015 0.996786 0.005300
2458608.137404 0.996500 0.005292
2458608.138793 0.994247 0.005302
2458608.140181 0.999631 0.005300
2458608.141570 1.001007 0.005308
2458608.142959 0.996757 0.005309
2458608.144348 0.998912 0.005301
2458608.145737 1.005638 0.005309
2458608.147126 0.994206 0.005309
2458608.148515 1.003891 0.005308
2458608.149904 1.002054 0.005306
2458608.151292 1.001839 0.005323
2458608.152681 0.995695 0.005288
2458608.154070 0.999400 0.005309
2458608.155459 0.992733 0.005301
2458608.156848 1.009845 0.005309
2458608.158237 1.002521 0.005314
2458608.159626 0.999699 0.005304
2458608.161015 0.993757 0.005296
2458608.162403 0.997351 0.005315
2458608.163792 0.995419 0.005293
2458608.165181 1.000291 0.005299
2458608.166570 1.004242 0.005306
2458608.167959 0.996003 0.005308
2458608.169348 0.996870 0.005290
2458608.170737 0.998055 0.005316
2458608.172126 1.003520 0.005303
2458608.173514 1.011021 0.005306
2458608.174903 1.001508 0.005325
2458608.176292 1.002108 0.005311
2458608.177681 0.999929 0.005304
2458608.179070 1.004703 0.005296
2458608.180459 1.001912 0.005305
2458608.181848 0.995653 0.005303
2458608.183236 0.999256 0.005316
2458608.184625 1.003520 0.005298
2458608.186014 1.003421 0.005295
2458608.187403 1.001167 0.005305
2458608.188792 1.001468 0.005302
2458608.190181 1.006882 0.005313
2458608.191570 1.001281 0.005304
2458608.192959 1.002127 0.005311
2458608.194347 1.000114 0.005297
2458608.195736 1.004397 0.005308
2458608.197125 0.996649 0.005299
2458608.198514 1.001963 0.005300
2458608.199903 0.996027 0.005305
2458608.201292 0.998789 0.005297
2458608.202681 1.003581 0.005305
2458608.204070 0.999418 0.005293
2458608.205458 0.994343 0.005291
2458608.206847 1.001009 0.005301
2458608.208236 1.003278 0.005308
2458608.209625 0.995705 0.005290
2458608.211014 1.002440 0.005303
2458608.212403 0.996409 0.005298
2458608.213792 1.007646 0.005308
2458608.215180 0.996615 0.005300
2458608.216569 0.997530 0.005302
2458608.217958 0.997101 0.005328
2458608.219347 0.994890 0.005292
2458608.220736 0.995432 0.005309
2458608.222125 1.009150 0.005312
2458608.223514 0.996028 0.005289
2458608.224903 1.001102 0.005312
2458608.226291 0.998266 0.005330
2458608.227680 0.996697 0.005309
2458608.229069 0.997932 0.005309
2458608.230458 1.001114 0.005308
2458608.231847 0.998049 0.005314
2458608.233236 1.002131 0.005312
2458608.234625 1.002159 0.005300
2458608.236014 0.995176 0.005302
2458608.237402 0.998221 0.005305
2458608.238791 0.991886 0.005293
2458608.240180 0.989905 0.005312
2458608.241569 1.001334 0.005304
2458608.242958 0.994541 0.005300
2458608.244347 0.999717 0.005294
2458608.245736 0.999317 0.005312
2458608.247125 1.002682 0.005306
2458608.248513 1.002746 0.005299
2458608.249902 1.007385 0.005304
2458608.251291 0.998794 0.005312
2458608.252680 0.997371 0.005304
2458608.254069 0.998752 0.005302
2458608.255458 0.997107 0.005297
2458608.256847 0.999264 0.005308
2458608.258235 1.000058 0.005312
2458608.259624 0.997508 0.005293
2458608.261013 1.003249 0.005306
2458608.262402 0.998976 0.005305
2458608.263791 0.995998 0.005309
2458608.265180 0.998201 0.005301
2458608.266569 1.002583 0.005298
2458608.267958 0.996500 0.005301
2458608.269346 0.998587 0.005293
2458608.270735 1.006215 0.005300
2458608.272124 1.001392 0.005296
2458608.273513 0.991963 0.005290
2458608.274902 0.996282 0.005308
2458608.276291 1.000774 0.005314
2458608.277680 0.997741 0.005302
2458608.279069 0.996920 0.005289
2458608.280457 0.990335 0.005293
2458608.281846 0.988591 0.005286
2458608.283235 0.994945 0.005295
2458608.284624 0.988897 0.005302
2458608.286013 0.995835 0.005300
2458608.287402 0.995798 0.005297
2458608.288791 1.005195 0.005306
2458608.290179 0.995087 0.005306
2458608.291568 0.994028 0.005295
2458608.292957 0.997193 0.005299
2458608.294346 0.998876 0.005298
2458608.295735 0.989308 0.005291
2458608.297124 0.994180 0.005298
2458608.298513 0.990654 0.005295
2458608.299902 0.994322 0.005304
2458608.301290 0.994248 0.005301
2458608.302679 0.999313 0.005299
2458608.304068 0.993474 0.005297
2458608.305457 0.993016 0.005293
2458608.306846 0.999039 0.005306
2458608.308235 0.999270 0.005300
2458608.309624 1.001295 0.005299
2458608.311013 0.993981 0.005295
2458608.312401 0.995073 0.005298
2458608.313790 0.994878 0.005297
2458608.315179 0.994452 0.005299
2458608.316568 0.986997 0.005301
2458608.317957 0.995209 0.005299
2458608.319346 1.003545 0.005303
2458608.320735 0.998263 0.005302
2458608.322123 0.996868 0.005293
2458608.323512 0.993189 0.005302
2458608.324901 0.993862 0.005300
2458608.326290 0.995717 0.005303
2458608.327679 1.000273 0.005295
2458608.329068 0.997914 0.005298
2458608.330457 1.000739 0.005314
2458608.331846 0.995726 0.005294
2458608.333234 0.994506 0.005293
2458608.334623 1.001138 0.005302
2458608.336012 0.989439 0.005294
2458608.337401 1.001219 0.005295
2458608.338790 1.000595 0.005299
2458608.340179 0.995571 0.005299
2458608.341568 0.993476 0.005291
2458608.342957 0.995220 0.005304
2458608.344345 1.010941 0.005299
2458608.345734 1.002882 0.005305
2458608.347123 0.996033 0.005301
2458608.348512 0.997982 0.005303
2458608.349901 0.993862 0.005309
2458608.351290 1.005601 0.005302
2458608.352679 0.995516 0.005298
2458608.354067 0.994099 0.005292
2458608.355456 1.002250 0.005300
2458608.356845 0.998458 0.005311
2458608.358234 1.003886 0.005315
2458608.359623 1.006567 0.005313
2458608.361012 1.011160 0.005304
2458608.362401 1.006933 0.005306
2458608.363790 1.005659 0.005296
2458608.365178 0.999279 0.005304
2458608.366567 0.996076 0.005301
2458608.367956 0.999980 0.005294
2458608.369345 1.003162 0.005297
2458608.370734 0.992755 0.005301
2458608.372123 1.004789 0.005301
2458608.373512 0.998932 0.005293
2458608.374901 0.992694 0.005295
2458608.376289 0.999078 0.005300
2458608.377678 0.999720 0.005305
2458608.379067 1.000596 0.005296
2458608.380456 0.997910 0.005306
2458608.381845 0.999197 0.005291
2458608.383234 1.001951 0.005303
2458608.384623 1.000276 0.005292
2458608.386011 0.999689 0.005309
2458608.387400 0.999152 0.005293
2458608.388789 0.995964 0.005299
2458608.390178 1.000555 0.005302
2458608.391567 0.998155 0.005318
2458608.392956 0.999325 0.005297
2458608.394345 0.997000 0.005298
2458608.395734 1.001434 0.005300
2458608.397122 1.004169 0.005302
2458608.398511 1.001744 0.005301
2458608.399900 0.993757 0.005302
2458608.401289 1.011157 0.005308
2458608.402678 1.003154 0.005308
2458608.404067 0.995350 0.005300
2458608.405456 1.006591 0.005303
2458608.406845 1.002883 0.005303
2458608.408233 0.999270 0.005301
2458608.409622 1.003082 0.005304
2458608.411011 0.992161 0.005308
2458608.412400 0.995671 0.005298
2458608.413789 1.000291 0.005299
2458608.415178 1.003703 0.005313
2458608.416567 1.005101 0.005307
2458608.417955 1.000050 0.005298
2458608.419344 0.998232 0.005304
2458608.420733 0.993273 0.005293
2458608.422122 1.004276 0.005300
2458608.423511 0.996987 0.005294
2458608.424900 0.995470 0.005296
2458608.426289 1.004018 0.005295
2458608.427678 1.008482 0.005299
2458608.429066 1.003996 0.005307
2458608.430455 1.003224 0.005301
2458608.431844 0.999197 0.005290
2458608.433233 1.003888 0.005297
2458608.434622 0.995907 0.005295
2458608.436011 1.002740 0.005298
2458608.437400 0.994873 0.005304
2458608.438789 1.004917 0.005295
2458608.440177 0.995800 0.005292
2458608.441566 1.001510 0.005300
2458608.442955 0.994816 0.005302
2458608.444344 1.000027 0.005301
2458608.445733 0.994204 0.005295
2458608.447122 1.007139 0.005307
2458608.448511 0.999191 0.005294
2458608.449899 0.999741 0.005300
2458608.451288 1.005748 0.005297
2458608.452677 0.996823 0.005295
2458608.454066 0.990538 0.005287
2458608.455455 1.005996 0.005305
2458608.456844 0.999115 0.005291
2458608.458233 0.996452 0.005295
2458608.459622 1.008445 0.005301
2458608.461010 1.002399 0.005296
2458608.462399 0.999457 0.005301
2458608.463788 0.999386 0.005297
2458608.465177 1.000754 0.005294
2458608.466566 1.001686 0.005299
2458608.467955 1.001698 0.005310
2458608.469344 0.999211 0.005302
2458608.470733 0.994861 0.005302
2458608.472121 0.995523 0.005304
2458608.473510 1.004435 0.005305
2458608.474899 1.002735 0.005306
2458608.476288 0.990252 0.005313
2458608.477677 1.004945 0.005301
2458608.479066 0.992085 0.005298
2458608.480455 1.001734 0.005302
2458608.481843 0.999580 0.005312
2458608.483232 0.992734 0.005296
2458608.484621 0.989387 0.005289
2458608.486010 1.003738 0.005299
2458608.487399 1.005663 0.005298
2458608.488788 0.990714 0.005289
2458608.490177 0.997598 0.005297
2458614.490040 0.988973 0.006282
2458614.491429 0.997814 0.006294
2458614.492817 0.995778 0.006279
2458614.494206 1.011116 0.006298
2458614.495595 0.995828 0.006289
2458614.496984 1.002850 0.006282
2458614.498373 1.000605 0.006302
2458614.499762 0.995588 0.006282
2458614.501151 0.997642 0.006277
2458614.502539 0.997423 0.006270
2458614.503928 0.999252 0.006272
2458614.505317 1.000690 0.006279
2458614.506706 1.004043 0.006282
2458614.508095 0.999342 0.006267
2458614.509484 0.994147 0.006262
2458614.510873 0.989961 0.006258
2458614.512261 0.999566 0.006268
2458614.513650 1.002753 0.006266
2458614.515039 0.997550 0.006277
2458614.516428 0.998530 0.006266
2458614.517817 1.008896 0.006266
2458614.519206 1.000772 0.006263
2458614.520595 1.004826 0.006261
2458614.521983 0.993149 0.006254
2458614.523372 0.993602 0.006254
2458614.524761 0.997019 0.006264
2458614.526150 1.000745 0.006253
2458614.527539 1.002366 0.006273
2458614.528928 0.993879 0.006248
2458614.530317 1.004891 0.006262
2458614.531705 0.995676 0.006240
2458614.533094 1.004200 0.006247
2458614.534483 0.993945 0.006238
2458614.535872 0.997947 0.006241
2458614.537261 1.004132 0.006248
2458614.538650 0.992437 0.006241
2458614.540039 1.003474 0.006238
2458614.541427 1.004653 0.006245
2458614.542816 1.005927 0.006241
2458614.544205 0.986506 0.006228
2458614.545594 0.992198 0.006244
2458614.546983 0.990115 0.006236
2458614.548372 0.999371 0.006236
2458614.549760 1.011231 0.006234
2458614.551149 0.993882 0.006233
2458614.552538 1.002228 0.006234
2458614.553927 0.994435 0.006229
2458614.555316 0.992989 0.006227
2458614.556705 0.987505 0.006231
2458614.558094 1.008998 0.006234
2458614.559482 1.000527 0.006234
2458614.560871 0.999507 0.006233
2458614.562260 1.009312 0.006230
2458614.563649 1.012927 0.006234
2458614.565038 1.001575 0.006222
2458614.566427 0.998711 0.006219
2458614.569204 0.996278 0.006227
2458614.570593 1.004334 0.006223
2458614.571982 1.001967 0.006231
2458614.573371 0.995211 0.006225
2458614.574760 1.004380 0.006226
2458614.576149 0.999777 0.006212
2458614.577538 1.007022 0.006229
2458614.578926 0.999354 0.006215
2458614.580315 1.004450 0.006215
2458614.581704 0.995653 0.006220
2458614.583093 0.999646 0.006217
2458614.584482 1.001016 0.006225
2458614.585871 1.016710 0.006225
2458614.587260 1.001079 0.006212
2458614.588648 1.002113 0.006219
2458614.590037 0.993849 0.006206
2458614.591426 1.008225 0.006220
2458614.592815 1.000260 0.006215
2458614.594204 0.996992 0.006214
2458614.595593 1.004854 0.006204
2458614.596982 1.007851 0.006216
2458614.598370 0.993433 0.006206
2458614.599759 1.001999 0.006208
2458614.601148 0.997828 0.006218
2458614.602537 0.997811 0.006210
2458614.603926 1.001292 0.006210
2458614.605315 1.006802 0.006202
2458614.606704 0.995611 0.006217
2458614.608092 1.003080 0.006209
2458614.609481 1.002080 0.006204
2458614.610870 0.999684 0.006197
2458614.612259 0.998843 0.006202
2458614.613648 0.997496 0.006206
2458614.615037 1.010350 0.006206
2458614.616426 1.002487 0.006200
2458614.617814 1.007782 0.006203
2458614.619203 1.015677 0.006210
2458614.620592 1.002033 0.006197
2458614.621981 0.996642 0.006191
2458614.623370 1.005775 0.006203
2458614.624759 0.992775 0.006212
2458614.626147 0.995299 0.006195
2458614.627536 0.990883 0.006187
2458614.628925 1.004324 0.006207
2458614.630314 1.003479 0.006190
2458614.631703 1.005321 0.006202
2458614.633092 0.992721 0.006187
2458614.634481 1.000174 0.006190
2458614.635869 0.987919 0.006200
2458614.637258 0.994372 0.006185
2458614.638647 1.000790 0.006188
2458614.640036 0.991400 0.006184
2458614.641425 0.998504 0.006186
2458614.642814 0.998575 0.006188
2458614.644203 0.997047 0.006184
2458614.645591 0.989194 0.006183
2458614.646980 0.997937 0.006187
2458614.648369 0.990053 0.006182
2458614.649758 1.003648 0.006182
2458614.651147 0.995532 0.006176
2458614.652536 0.991332 0.006169
2458614.653925 0.994572 0.006178
2458614.655313 1.002939 0.006179
2458614.656702 0.989279 0.006172
2458614.658091 1.000007 0.006174
2458614.659480 1.001442 0.006174
2458614.660869 0.998367 0.006167
2458614.662258 0.997709 0.006170
2458614.663647 0.996951 0.006171
2458614.665035 0.996835 0.006178
2458614.667813 0.994815 0.006167
2458614.669202 1.001326 0.006170
2458614.670591 0.992250 0.006162
2458614.671980 0.994119 0.006169
2458614.673369 0.994443 0.006162
2458614.674757 0.988721 0.006163
2458614.676146 0.986533 0.006157
2458614.677535 0.996440 0.006167
2458614.678924 0.996564 0.006162
2458614.680313 0.990909 0.006149
2458614.681702 0.987600 0.006157
2458614.683091 0.991365 0.006166
2458614.684479 1.003404 0.006161
2458614.685868 0.991757 0.006153
2458614.687257 1.001098 0.006150
2458614.688646 1.006001 0.006153
2458614.690035 0.985674 0.006149
2458614.691424 0.998303 0.006148
2458614.692813 0.998275 0.006137
2458614.694201 1.000303 0.006147
2458614.695590 0.999088 0.006150
2458614.696979 0.998424 0.006141
2458614.698368 0.993677 0.006156
2458614.699757 0.985576 0.006147
2458614.701146 0.992600 0.006141
2458614.702534 0.986613 0.006141
2458614.703923 0.995535 0.006140
2458614.705312 1.003604 0.006142
2458614.706701 0.994845 0.006134
2458614.708090 0.993769 0.006136
2458614.709479 0.999726 0.006139
2458614.710868 0.986932 0.006138
2458614.712256 0.991319 0.006120
2458614.713645 0.993781 0.006124
2458614.715034 1.002727 0.006131
2458614.716423 0.984397 0.006121
2458614.717812 1.005052 0.006136
2458614.719201 1.003094 0.006123
2458614.720590 0.985687 0.006119
2458614.721978 1.005449 0.006131
2458614.723367 1.003145 0.006138
2458614.724756 0.993727 0.006111
2458614.726145 0.995513 0.006111
2458614.727534 0.992379 0.006112
2458614.728923 0.995727 0.006113
2458614.730312 1.002259 0.006113
2458614.731700 1.003240 0.006109
2458614.733089 1.010686 0.006119
2458614.734478 1.002229 0.006119
2458614.735867 1.009982 0.006113
2458614.737256 0.998079 0.006105
2458614.738645 1.000893 0.006107
2458614.740034 0.998995 0.006112
2458614.741422 0.996011 0.006095
2458614.742811 1.006473 0.006102
2458614.744200 0.997991 0.006102
2458614.745589 1.009057 0.006107
2458614.746978 1.002248 0.006101
2458614.748367 1.003372 0.006102
2458614.749756 1.006621 0.006095
2458614.751144 1.000389 0.006091
2458614.752533 0.996099 0.006092
2458614.753922 1.003419 0.006101
2458614.755311 0.992639 0.006085
2458614.756700 1.002006 0.006116
2458614.758089 1.001392 0.006096
2458614.759478 0.997546 0.006091
2458614.760866 1.000337 0.006087
2458614.762255 1.004391 0.006095
2458614.763644 1.009627 0.006083
2458614.765033 0.995792 0.006077
2458614.766422 0.994566 0.006080
2458614.767811 1.007958 0.006089
2458614.769200 1.015310 0.006081
2458614.770588 1.008062 0.006097
2458614.771977 1.000814 0.006076
2458614.773366 1.001313 0.006086
2458614.774755 0.991674 0.006072
2458614.776144 1.009900 0.006080
2458614.777533 0.998101 0.006069
2458614.778921 0.998460 0.006070
2458614.780310 0.994695 0.006071
2458614.781699 1.000140 0.006066
2458614.783088 1.004147 0.006071
2458614.784477 1.005493 0.006075
2458614.785866 1.003173 0.006086
2458614.787255 0.996369 0.006076
2458614.788643 1.002317 0.006078
2458614.790032 0.995041 0.006069
2458614.791421 1.006538 0.006074
2458614.792810 0.996591 0.006062
2458614.794199 0.996944 0.006064
2458614.795588 1.003880 0.006066
2458614.796977 1.002691 0.006067
2458614.798365 1.000414 0.006061
2458614.799754 0.997457 0.006067
2458614.801143 1.000849 0.006059
2458614.802532 1.001264 0.006059
2458614.803921 1.002205 0.006061
2458614.805310 0.998455 0.006056
2458614.806699 1.001344 0.006061
2458614.808087 1.008439 0.006059
2458614.809476 1.001673 0.006061
2458614.810865 1.003548 0.006062
2458614.812254 0.998663 0.006045
2458614.813643 0.998525 0.006055
2458614.815032 1.005459 0.006054
2458614.816421 1.000217 0.006059
2458614.817809 0.997679 0.006041
2458614.819198 1.003164 0.006045
2458614.820587 0.994709 0.006054
2458614.821976 1.010474 0.006058
2458614.823365 1.000923 0.006051
2458614.824754 0.999620 0.006043
2458614.826143 1.002023 0.006048
2458614.827531 1.006849 0.006057
2458614.828920 1.000724 0.006047
2458614.830309 0.995780 0.006041
2458614.831698 1.011916 0.006061
2458614.833087 1.001622 0.006049
2458614.834476 1.008171 0.006050
2458614.835865 0.999069 0.006051
2458614.837253 1.000865 0.006054
2458614.838642 1.007608 0.006056
2458614.840031 0.997066 0.006035
2458614.841420 0.999802 0.006058
2458614.842809 0.994024 0.006048
2458614.844198 1.008980 0.006047
2458614.845587 1.004078 0.006047
2458614.846975 1.001106 0.006048
2458614.848364 1.008028 0.006050
2458614.849753 1.003187 0.006048
2458614.851142 1.006192 0.006054
2458614.852531 1.004035 0.006049
2458614.853920 1.007474 0.006054
2458614.855308 1.002600 0.006050
2458614.856697 1.000718 0.006047
2458614.858086 1.002754 0.006045
2458614.859475 1.007586 0.006052
2458614.860864 0.990670 0.006034
2458617.674678 1.000639 0.005284
2458617.676067 1.002928 0.005285
2458617.677456 1.006424 0.005307
2458617.678845 1.002428 0.005274
2458617.680234 0.998087 0.005288
2458617.681623 1.007053 0.005286
2458617.683012 0.995156 0.005282
2458617.684400 1.001163 0.005276
2458617.685789 1.004912 0.005274
2458617.687178 1.014078 0.005293
2458617.688567 0.992124 0.005275
2458617.689956 1.002322 0.005284
2458617.691345 0.999826 0.005282
2458617.692734 0.999013 0.005275
2458617.694122 1.001111 0.005275
2458617.695511 0.998850 0.005275
2458617.696900 0.999366 0.005280
2458617.698289 1.000079 0.005271
2458617.699678 0.999655 0.005283
2458617.701067 1.000434 0.005296
2458617.702455 1.001724 0.005284
2458617.703844 0.994721 0.005304
2458617.705233 1.000505 0.005286
2458617.706622 1.001323 0.005300
2458617.708011 0.997358 0.005279
2458617.709400 0.997840 0.005276
2458617.710789 1.002035 0.005281
2458617.712177 0.997951 0.005279
2458617.713566 1.001379 0.005279
2458617.714955 1.004989 0.005280
2458617.716344 1.001064 0.005281
2458617.717733 1.004944 0.005285
2458617.719122 1.005788 0.005284
2458617.720510 0.993299 0.005276
2458617.721899 1.000832 0.005293
2458617.723288 0.999730 0.005288
2458617.724677 1.004296 0.005278
2458617.726066 0.999424 0.005279
2458617.727455 1.004381 0.005283
2458617.728844 1.001586 0.005285
2458617.730232 1.000482 0.005299
2458617.731621 0.997113 0.005281
2458617.733010 1.006185 0.005287
2458617.734399 1.016874 0.005286
2458617.735788 1.008077 0.005280
2458617.737177 0.998817 0.005279
2458617.738566 1.003875 0.005288
2458617.739954 0.998360 0.005278
2458617.741343 1.002067 0.005283
2458617.742732 1.000149 0.005279
2458617.744121 0.996619 0.005278
2458617.745510 1.000947 0.005289
2458617.746899 1.003125 0.005282
2458617.748287 0.997836 0.005277
2458617.749676 1.000330 0.005285
2458617.751065 0.998929 0.005288
2458617.752454 1.002950 0.005296
2458617.753843 1.006926 0.005291
2458617.755232 1.000032 0.005279
2458617.756621 1.001700 0.005266
2458617.758009 1.002658 0.005285
2458617.759398 1.008304 0.005293
2458617.760787 1.002427 0.005285
2458617.762176 1.000293 0.005279
2458617.763565 1.002392 0.005274
2458617.764954 1.004102 0.005313
2458617.766343 1.010909 0.005278
2458617.767731 1.005567 0.005285
2458617.769120 0.998087 0.005287
2458617.770509 0.997920 0.005275
2458617.771898 0.997262 0.005280
2458617.773287 0.997027 0.005274
2458617.774676 1.005283 0.005287
2458617.776064 1.009148 0.005297
2458617.777453 1.003876 0.005278
2458617.778842 0.997355 0.005275
2458617.780231 0.996512 0.005281
2458617.781620 1.002802 0.005281
2458617.783009 1.002211 0.005280
2458617.784398 1.003647 0.005281
2458617.785786 0.988603 0.005271
2458617.787175 1.008136 0.005285
2458617.788564 1.004957 0.005282
2458617.789953 1.002131 0.005289
2458617.791342 1.006070 0.005280
2458617.792731 1.004965 0.005281
2458617.794120 1.000499 0.005282
2458617.795508 0.999860 0.005278
2458617.796897 1.006704 0.005289
2458617.798286 1.009667 0.005290
2458617.799675 1.000469 0.005303
2458617.801064 0.995928 0.005280
2458617.802453 1.002736 0.005279
2458617.803841 1.003333 0.005284
2458617.805230 0.998938 0.005278
2458617.806619 1.003592 0.005280
2458617.808008 1.001946 0.005285
2458617.809397 1.008138 0.005309
2458617.810786 1.002187 0.005294
2458617.812175 0.999145 0.005277
2458617.813563 1.002425 0.005287
2458617.814952 0.999692 0.005284
2458617.816341 1.002366 0.005279
2458617.817730 0.998623 0.005282
2458617.819119 0.999343 0.005280
2458617.820508 1.002326 0.005275
2458617.821897 0.998126 0.005295
2458617.823285 0.998476 0.005277
2458617.824674 0.997109 0.005288
2458617.826063 1.000180 0.005280
2458617.827452 1.006747 0.005283
2458617.828841 0.997255 0.005276
2458617.830230 0.989574 0.005290
2458617.831618 1.000379 0.005277
2458617.833007 0.989912 0.005266
2458617.834396 0.998778 0.005290
2458617.835785 0.998696 0.005278
2458617.837174 0.997861 0.005288
2458617.838563 0.997808 0.005284
2458617.839952 0.993693 0.005277
2458617.841340 1.003397 0.005320
2458617.842729 0.996065 0.005279
2458617.844118 0.999677 0.005281
2458617.845507 0.993711 0.005274
2458617.846896 1.002558 0.005285
2458617.848285 0.997814 0.005294
2458617.849674 1.003169 0.005280
2458617.851062 0.989949 0.005265
2458617.852451 0.988531 0.005287
2458617.853840 1.000336 0.005272
2458617.855229 0.997440 0.005272
2458617.856618 0.996477 0.005288
2458617.858007 0.990274 0.005282
2458617.859395 0.996576 0.005277
2458617.860784 0.997467 0.005280
2458617.862173 0.998741 0.005288
2458617.863562 0.996043 0.005283
2458617.864951 0.994448 0.005269
2458617.866340 1.001822 0.005282
2458617.867729 0.997302 0.005281
2458617.869117 0.987680 0.005271
2458617.870506 0.998495 0.005281
2458617.871895 0.993647 0.005269
2458617.873284 0.991745 0.005272
2458617.874673 0.993907 0.005278
2458617.876062 1.001020 0.005290
2458617.877450 0.984027 0.005272
2458617.878839 0.998997 0.005287
2458617.880228 0.992835 0.005272
2458617.881617 0.994220 0.005276
2458617.883006 0.996190 0.005279
2458617.884395 0.997250 0.005286
2458617.885784 1.000002 0.005288
2458617.887172 0.996258 0.005278
2458617.888561 0.993242 0.005273
2458617.889950 0.997451 0.005279
2458617.891339 0.998570 0.005301
2458617.892728 0.997410 0.005281
2458617.894117 0.989831 0.005277
2458617.895506 0.996707 0.005287
2458617.896894 0.998337 0.005292
2458617.898283 0.988770 0.005270
2458617.899672 0.995773 0.005279
2458617.901061 0.995557 0.005278
2458617.902450 1.001595 0.005284
2458617.903839 0.997442 0.005278
2458617.905227 0.997417 0.005273
2458617.906616 0.993267 0.005273
2458617.908005 0.997815 0.005282
2458617.909394 1.000525 0.005281
2458617.910783 1.005477 0.005292
2458617.912172 0.997723 0.005281
2458617.913561 0.998680 0.005280
2458617.914949 0.999207 0.005288
2458617.916338 0.991566 0.005285
2458617.917727 1.004095 0.005289
2458617.919116 1.003954 0.005281
2458617.920505 1.002156 0.005285
2458617.921894 1.006724 0.005300
2458617.923283 0.999366 0.005280
2458617.924671 0.998977 0.005285
2458617.926060 1.003527 0.005283
2458617.927449 1.003817 0.005280
2458617.928838 0.995062 0.005272
2458617.930227 0.998189 0.005277
2458617.931616 1.001932 0.005287
2458617.933004 1.004457 0.005285
2458617.934393 0.997182 0.005289
2458617.935782 0.991304 0.005283
2458617.937171 0.998252 0.005285
2458617.938560 0.998547 0.005274
2458617.939949 0.985464 0.005267
2458617.941338 1.004056 0.005283
2458617.942726 0.999920 0.005276
2458617.944115 0.997313 0.005278
2458617.945504 0.993838 0.005278
2458617.946893 0.997228 0.005277
2458617.948282 0.994931 0.005296
2458617.949671 1.004757 0.005290
2458617.951060 0.996404 0.005281
2458617.952448 1.010799 0.005293
2458617.953837 0.996635 0.005282
2458617.955226 0.997741 0.005281
2458617.956615 0.992780 0.005274
2458617.958004 1.005202 0.005282
2458617.959393 1.000036 0.005275
2458617.960781 1.001338 0.005276
2458617.962170 1.002921 0.005278
2458617.963559 0.999718 0.005281
2458617.964948 0.994146 0.005274
2458617.966337 0.998760 0.005280
2458617.967726 0.997074 0.005268
2458617.969115 0.992782 0.005277
2458617.970503 0.995985 0.005281
2458617.971892 0.999047 0.005283
2458617.973281 0.998620 0.005274
2458617.974670 1.000456 0.005285
2458617.976059 1.006126 0.005281
2458617.977448 1.006365 0.005286
2458617.978836 1.000394 0.005298
2458617.980225 0.997118 0.005277
2458617.981614 1.005968 0.005286
2458617.983003 0.999026 0.005278
2458617.984392 1.002342 0.005276
2458617.985781 1.001082 0.005300
2458617.987170 0.999663 0.005282
2458617.988558 1.000710 0.005306
2458617.989947 0.998123 0.005289
2458617.991336 1.000991 0.005293
2458617.992725 1.006716 0.005280
2458617.994114 0.998298 0.005277
2458617.995503 1.008863 0.005280
2458617.996892 1.003217 0.005296
2458617.998280 1.004295 0.005278
2458617.999669 1.005699 0.005288
2458618.001058 0.991432 0.005284
2458618.002447 0.994298 0.005288
2458618.003836 0.995787 0.005283
2458618.005225 0.997699 0.005283
2458618.006613 0.997300 0.005276
2458618.008002 0.996870 0.005277
2458618.009391 0.998648 0.005283
2458618.010780 0.992676 0.005299
2458618.012169 1.000066 0.005280
2458618.013558 0.995952 0.005278
2458618.014947 1.005424 0.005287
2458618.016335 1.001907 0.005285
2458618.017724 0.999286 0.005291
2458618.019113 1.005726 0.005277
2458618.020502 1.005404 0.005280
2458618.021891 0.998599 0.005283
2458618.023280 1.009880 0.005292
2458618.024669 1.003030 0.005286
2458618.026057 0.999450 0.005279
2458618.027446 0.999051 0.005277
2458618.028835 1.000498 0.005292
2458618.030224 0.996270 0.005270
2458618.031613 0.990009 0.005273
2458618.033002 0.997362 0.005288
2458618.034390 0.992219 0.005276
2458618.035779 1.002361 0.005294
2458618.037168 1.002851 0.005273
2458618.038557 1.003046 0.005272
2458618.039946 1.001197 0.005286
2458618.041335 1.000720 0.005283
2458618.042724 1.003010 0.005276
2458618.044112 1.002101 0.005281
2458618.045501 1.005094 0.005286
2458620.860693 0.994612 0.005254
2458620.862082 1.002273 0.005252
2458620.863470 0.994978 0.005244
2458620.864859 0.997665 0.005237
2458620.866248 1.006934 0.005246
2458620.867637 1.001141 0.005271
2458620.869026 0.997105 0.005267
2458620.870415 1.006321 0.005241
2458620.871803 1.009796 0.005248
2458620.873192 0.997980 0.005243
2458620.874581 0.997759 0.005247
2458620.875970 1.003355 0.005241
2458620.877359 1.005504 0.005247
2458620.878748 0.993359 0.005247
2458620.880137 1.001056 0.005248
2458620.881525 1.001857 0.005245
2458620.882914 0.996551 0.005239
2458620.884303 0.994308 0.005239
2458620.885692 1.003077 0.005230
2458620.887081 1.001559 0.005241
2458620.888470 0.996254 0.005246
2458620.889858 0.997905 0.005245
2458620.891247 1.009513 0.005244
2458620.892636 0.994970 0.005255
2458620.894025 0.992078 0.005264
2458620.895414 0.998413 0.005252
2458620.896803 1.001689 0.005247
2458620.898191 1.003734 0.005257
2458620.899580 1.006643 0.005258
2458620.900969 1.000051 0.005251
2458620.902358 0.999862 0.005248
2458620.903747 0.997755 0.005259
2458620.905136 1.003024 0.005251
2458620.906525 0.997459 0.005252
2458620.907913 1.000934 0.005245
2458620.909302 0.998546 0.005241
2458620.910691 1.001971 0.005258
2458620.912080 1.009854 0.005261
2458620.913469 0.998962 0.005236
2458620.914858 1.001674 0.005244
2458620.916246 1.006452 0.005275
2458620.917635 1.004091 0.005246
2458620.919024 0.997682 0.005244
2458620.920413 1.001441 0.005254
2458620.921802 1.005632 0.005249
2458620.923191 1.000512 0.005238
2458620.924580 1.004375 0.005249
2458620.925968 1.002188 0.005240
2458620.927357 0.999220 0.005251
2458620.928746 1.006449 0.005245
2458620.930135 1.004470 0.005266
2458620.931524 1.004673 0.005243
2458620.932913 1.001540 0.005264
2458620.934301 1.003328 0.005254
2458620.935690 0.994995 0.005244
2458620.937079 1.003658 0.005252
2458620.938468 0.998821 0.005253
2458620.939857 1.003802 0.005247
2458620.941246 1.002902 0.005239
2458620.942634 1.000806 0.005239
2458620.944023 1.000685 0.005246
2458620.945412 1.000816 0.005259
2458620.946801 0.988570 0.005244
2458620.948190 0.998575 0.005248
2458620.949579 1.000575 0.005249
2458620.950968 1.001477 0.005241
2458620.952356 0.998027 0.005247
2458620.953745 0.993566 0.005239
2458620.955134 0.994272 0.005253
2458620.956523 1.007905 0.005255
2458620.957912 0.992049 0.005234
2458620.959301 1.002820 0.005242
2458620.960689 1.000093 0.005244
2458620.962078 1.000220 0.005243
2458620.963467 1.001203 0.005249
2458620.964856 1.002106 0.005248
2458620.966245 0.998478 0.005259
2458620.967634 1.001074 0.005248
2458620.969022 1.004258 0.005244
2458620.970411 0.999804 0.005243
2458620.971800 0.997410 0.005241
2458620.973189 1.003559 0.005249
2458620.974578 0.998052 0.005246
2458620.975967 1.002806 0.005244
2458620.977356 1.004208 0.005265
2458620.978744 0.999529 0.005241
2458620.980133 1.003810 0.005254
2458620.981522 1.002093 0.005269
2458620.982911 1.008270 0.005254
2458620.984300 1.006636 0.005252
2458620.985689 0.997460 0.005241
2458620.987077 0.995801 0.005235
2458620.988466 1.005687 0.005250
2458620.989855 1.003045 0.005244
2458620.991244 1.008640 0.005264
2458620.992633 0.995417 0.005235
2458620.994022 0.995215 0.005236
2458620.995411 0.996253 0.005251
2458620.996799 1.001660 0.005254
2458620.998188 1.000070 0.005247
2458620.999577 1.000759 0.005246
2458621.000966 1.002529 0.005245
2458621.002355 1.003138 0.005252
2458621.003744 0.993607 0.005243
2458621.005132 0.996849 0.005240
2458621.006521 0.996419 0.005243
2458621.007910 0.994831 0.005253
2458621.009299 0.999586 0.005245
2458621.010688 0.996160 0.005242
2458621.012077 0.990108 0.005238
2458621.013465 0.995583 0.005238
2458621.014854 0.998131 0.005239
2458621.016243 0.994932 0.005249
2458621.017632 0.997140 0.005246
2458621.019021 1.000130 0.005242
2458621.020410 0.991084 0.005237
2458621.021799 0.993557 0.005245
2458621.023187 0.996632 0.005242
2458621.024576 0.998710 0.005238
2458621.025965 0.993135 0.005241
2458621.027354 0.998223 0.005240
2458621.028743 0.993352 0.005242
2458621.030132 0.997085 0.005268
2458621.031520 0.995073 0.005247
2458621.032909 0.992754 0.005240
2458621.034298 0.993065 0.005241
2458621.035687 0.989639 0.005233
2458621.037076 1.000367 0.005247
2458621.038465 1.001291 0.005243
2458621.039853 0.994194 0.005269
2458621.041242 0.994139 0.005235
2458621.042631 0.990064 0.005238
2458621.044020 0.986527 0.005232
2458621.045409 0.992608 0.005250
2458621.046798 0.993230 0.005240
2458621.048187 0.992754 0.005240
2458621.049575 1.009431 0.005256
2458621.050964 0.995516 0.005250
2458621.052353 0.995619 0.005244
2458621.053742 1.000435 0.005261
2458621.055131 0.989332 0.005241
2458621.056520 1.001147 0.005238
2458621.057908 0.990568 0.005251
2458621.059297 0.993693 0.005241
2458621.060686 0.993150 0.005246
2458621.062075 1.001541 0.005251
2458621.063464 0.999155 0.005245
2458621.064853 0.997453 0.005240
2458621.066242 0.999718 0.005256
2458621.067630 0.995978 0.005269
2458621.069019 0.995804 0.005240
2458621.070408 0.997513 0.005248
2458621.071797 0.996715 0.005243
2458621.073186 0.996963 0.005245
2458621.074575 0.996412 0.005238
2458621.075963 0.999071 0.005257
2458621.077352 0.993677 0.005252
2458621.078741 0.994971 0.005239
2458621.080130 0.998101 0.005240
2458621.081519 0.996993 0.005243
2458621.082908 0.996999 0.005236
2458621.084296 1.002289 0.005248
2458621.085685 0.992697 0.005230
2458621.087074 0.989952 0.005245
2458621.088463 1.005931 0.005262
2458621.089852 1.003891 0.005247
2458621.091241 1.003489 0.005245
2458621.092630 1.002989 0.005252
2458621.094018 1.004779 0.005254
2458621.095407 0.998568 0.005249
2458621.096796 0.994435 0.005243
2458621.098185 1.006334 0.005244
2458621.099574 0.998782 0.005257
2458621.100963 1.003397 0.005242
2458621.102351 1.004669 0.005252
2458621.103740 1.001237 0.005243
2458621.105129 1.004415 0.005259
2458621.106518 1.001097 0.005252
2458621.107907 0.992695 0.005248
2458621.109296 0.995417 0.005260
2458621.110684 1.012366 0.005273
2458621.112073 1.004849 0.005242
2458621.113462 0.994913 0.005241
2458621.114851 1.006316 0.005233
2458621.116240 1.000511 0.005248
2458621.117629 1.004268 0.005248
2458621.119018 0.995346 0.005239
2458621.120406 1.001610 0.005253
2458621.121795 0.996114 0.005242
2458621.123184 0.999952 0.005262
2458621.124573 0.999584 0.005238
2458621.125962 1.001590 0.005261
2458621.127351 1.002837 0.005245
2458621.128739 1.000283 0.005253
2458621.130128 0.999791 0.005248
2458621.131517 1.004109 0.005248
2458621.132906 1.003945 0.005260
2458621.134295 1.003857 0.005260
2458621.135684 0.993603 0.005237
2458621.137072 1.002547 0.005253
2458621.138461 1.007631 0.005250
2458621.139850 0.997337 0.005236
2458621.141239 0.996867 0.005259
2458621.142628 1.005129 0.005262
2458621.144017 0.999008 0.005246
2458621.145406 1.008530 0.005245
2458621.146794 0.995229 0.005248
2458621.148183 0.998993 0.005253
2458621.149572 1.003069 0.005250
2458621.150961 1.000681 0.005252
2458621.152350 0.994147 0.005253
2458621.153739 1.004353 0.005247
2458621.155127 0.998932 0.005268
2458621.156516 1.001202 0.005248
2458621.157905 0.995488 0.005239
2458621.159294 1.001953 0.005245
2458621.160683 1.004637 0.005263
2458621.162072 0.995897 0.005248
2458621.163460 0.995092 0.005244
2458621.164849 1.004103 0.005254
2458621.166238 1.012156 0.005248
2458621.167627 0.995429 0.005237
2458621.169016 1.006081 0.005246
2458621.170405 1.015208 0.005261
2458621.171794 1.004678 0.005243
2458621.173182 0.996599 0.005240
2458621.174571 0.994170 0.005273
2458621.175960 0.998914 0.005237
2458621.177349 0.993936 0.005263
2458621.178738 1.008560 0.005252
2458621.180127 1.003485 0.005248
2458621.181515 1.002283 0.005254
2458621.182904 1.005702 0.005249
2458621.184293 0.988837 0.005239
2458621.185682 1.000623 0.005247
2458621.187071 0.997621 0.005248
2458621.188460 1.000553 0.005238
2458621.189849 1.004360 0.005245
2458621.191237 0.997421 0.005240
2458621.192626 1.007544 0.005246
2458621.194015 1.001119 0.005265
2458621.195404 0.998191 0.005262
2458621.196793 1.001963 0.005251
2458621.198182 1.001746 0.005250
2458621.199570 1.008381 0.005258
2458621.200959 0.997650 0.005240
2458621.202348 0.995338 0.005238
2458621.203737 1.004995 0.005251
2458621.205126 0.997747 0.005240
2458621.206515 0.995305 0.005267
2458621.207903 1.003060 0.005274
2458621.209292 1.001905 0.005282
2458621.210681 0.998890 0.005253
2458621.212070 1.009203 0.005257
2458621.213459 1.001241 0.005256
2458621.214848 0.992007 0.005240
2458621.216237 0.994448 0.005246
2458621.217625 0.994808 0.005241
2458621.219014 1.004304 0.005251
2458621.220403 1.005607 0.005242
2458621.221792 1.002532 0.005255
2458621.223181 1.004635 0.005247
2458621.224570 1.007830 0.005255
2458621.225958 0.999867 0.005242
2458621.227347 1.002072 0.005247
2458621.228736 0.998812 0.005245
2458621.230125 1.007429 0.005246
2458621.231514 0.994831 0.005239
