2457582.61040000 0.99980185 0.00005500
2457582.63080000 0.99989078 0.00005500
2457582.65120000 0.99978283 0.00005500
2457582.67170000 1.00004736 0.00005500
2457582.69210000 1.00005558 0.00005500
2457582.71250000 1.00004207 0.00005500
2457582.73300000 1.00014376 0.00005500
2457582.75340000 1.00011211 0.00005500
2457582.77380000 1.00018523 0.00005500
2457582.79430000 1.00011963 0.00005500
2457582.81470000 1.00023481 0.00005500
2457582.83510000 1.00019406 0.00005500
2457582.91690000 0.99995424 0.00005500
2457582.93730000 1.00000862 0.00005500
2457582.95770000 0.99996875 0.00005500
2457582.97820000 0.99984296 0.00005500
2457582.99860000 0.99986218 0.00005500
2457583.01900000 0.99992529 0.00005500
2457583.03950000 0.99996736 0.00005500
2457583.05990000 0.99997388 0.00005500
2457583.08030000 0.99993382 0.00005500
2457583.10080000 0.99989655 0.00005500
2457583.12120000 0.99996367 0.00005500
2457583.14160000 0.99997666 0.00005500
2457583.16200000 0.99998229 0.00005500
2457583.18250000 1.00001681 0.00005500
2457583.20290000 0.99999516 0.00005500
2457583.22330000 1.00000108 0.00005500
2457583.24380000 0.99997523 0.00005500
2457583.26420000 0.99995188 0.00005500
2457583.28460000 0.99999611 0.00005500
2457583.30510000 0.99988418 0.00005500
2457583.32550000 0.99985914 0.00005500
2457583.34590000 0.99993099 0.00005500
2457583.36640000 0.99989719 0.00005500
2457583.38680000 1.00002097 0.00005500
2457583.40720000 1.00004474 0.00005500
2457583.42770000 1.00009931 0.00005500
2457583.44810000 1.00012185 0.00005500
2457583.46850000 1.00012883 0.00005500
2457583.48900000 1.00010677 0.00005500
2457583.50940000 1.00007143 0.00005500
2457583.52980000 1.00004576 0.00005500
2457583.55030000 0.99999313 0.00005500
2457583.57070000 1.00010483 0.00005500
2457583.59110000 1.00014467 0.00005500
2457583.65240000 0.99994907 0.00005500
2457583.67280000 0.99994099 0.00005500
2457583.69330000 0.99997189 0.00005500
2457583.71370000 0.99995932 0.00005500
2457583.73410000 0.99991244 0.00005500
2457583.75460000 0.99998528 0.00005500
2457583.77500000 0.99999413 0.00005500
2457583.79540000 0.99996937 0.00005500
2457583.81590000 0.99996249 0.00005500
2457583.83630000 1.00007112 0.00005500
2457583.85670000 0.99999086 0.00005500
2457583.87720000 0.99998090 0.00005500
2457583.89760000 1.00003723 0.00005500
2457583.91800000 0.99998130 0.00005500
2457583.93850000 0.99994442 0.00005500
2457583.95890000 0.99997940 0.00005500
2457583.97930000 1.00001252 0.00005500
2457583.99980000 1.00001224 0.00005500
2457584.02020000 0.99998741 0.00005500
2457584.04060000 1.00002858 0.00005500
2457584.06110000 0.99998779 0.00005500
2457584.08150000 1.00011298 0.00005500
2457584.10190000 1.00005778 0.00005500
2457584.14280000 1.00000263 0.00005500
2457584.16320000 0.99998429 0.00005500
2457584.18360000 1.00000911 0.00005500
2457584.20410000 1.00001119 0.00005500
2457584.22450000 1.00001013 0.00005500
2457584.24490000 0.99997112 0.00005500
2457584.26540000 1.00006537 0.00005500
2457584.28580000 1.00001016 0.00005500
2457584.30620000 1.00003329 0.00005500
2457584.32670000 1.00002925 0.00005500
2457584.34710000 1.00002686 0.00005500
2457584.36750000 1.00006906 0.00005500
2457584.38800000 1.00002709 0.00005500
2457584.40840000 1.00001167 0.00005500
2457584.42880000 1.00001697 0.00005500
2457584.44930000 1.00001927 0.00005500
2457584.46970000 0.99998467 0.00005500
2457584.49010000 0.99998507 0.00005500
2457584.51060000 0.99998317 0.00005500
2457584.53100000 1.00002297 0.00005500
2457584.55140000 0.99995690 0.00005500
2457584.57180000 0.99998335 0.00005500
2457584.59230000 1.00001539 0.00005500
2457584.61270000 1.00001444 0.00005500
2457584.63310000 1.00003730 0.00005500
2457584.65360000 0.99993755 0.00005500
2457584.67400000 0.99992521 0.00005500
2457584.69440000 0.99995146 0.00005500
2457584.71490000 1.00002673 0.00005500
2457584.73530000 0.99994581 0.00005500
2457584.75570000 1.00002029 0.00005500
2457584.77620000 0.99987712 0.00005500
2457584.79660000 0.99990626 0.00005500
2457584.81700000 0.99994585 0.00005500
2457584.83750000 0.99991986 0.00005500
2457584.85790000 0.99989341 0.00005500
2457584.87830000 0.99990999 0.00005500
2457584.89880000 0.99993680 0.00005500
2457584.91920000 0.99988445 0.00005500
2457584.93960000 0.99977320 0.00005500
2457584.96010000 0.99994541 0.00005500
2457584.98050000 0.99998376 0.00005500
2457585.00090000 1.00005617 0.00005500
2457585.02140000 1.00004818 0.00005500
2457585.04180000 1.00003813 0.00005500
2457585.06220000 0.99987523 0.00005500
2457585.08260000 1.00008787 0.00005500
2457585.12350000 1.00003674 0.00005500
2457585.14390000 1.00006836 0.00005500
2457585.16440000 1.00008987 0.00005500
2457585.18480000 1.00003922 0.00005500
2457585.20520000 1.00012948 0.00005500
2457585.22570000 1.00010991 0.00005500
2457585.24610000 1.00012814 0.00005500
2457585.26650000 1.00012340 0.00005500
2457585.28700000 1.00007186 0.00005500
2457585.30740000 1.00010054 0.00005500
2457585.32780000 1.00008008 0.00005500
2457585.34830000 1.00001863 0.00005500
2457585.36870000 1.00002762 0.00005500
2457585.38910000 1.00004097 0.00005500
2457585.40960000 0.99992697 0.00005500
2457585.43000000 0.99992491 0.00005500
2457585.45040000 0.99991301 0.00005500
2457585.47090000 1.00002088 0.00005500
2457585.49130000 1.00000060 0.00005500
2457585.51170000 0.99993857 0.00005500
2457585.53210000 1.00001230 0.00005500
2457585.55260000 1.00003549 0.00005500
2457585.57300000 1.00002415 0.00005500
2457585.61390000 1.00006154 0.00005500
2457585.63430000 1.00010311 0.00005500
2457585.65470000 1.00006552 0.00005500
2457585.67520000 1.00011390 0.00005500
2457585.69560000 1.00008194 0.00005500
2457585.71600000 1.00006590 0.00005500
2457585.73650000 1.00008234 0.00005500
2457585.75690000 1.00004847 0.00005500
2457585.77730000 0.99999572 0.00005500
2457585.79780000 0.99994911 0.00005500
2457585.81820000 1.00002373 0.00005500
2457585.83860000 0.99994706 0.00005500
2457585.85910000 0.99994820 0.00005500
2457585.87950000 0.99989432 0.00005500
2457585.89990000 0.99986329 0.00005500
2457585.92040000 0.99992873 0.00005500
2457585.94080000 0.99993653 0.00005500
2457585.96120000 0.99989031 0.00005500
2457585.98170000 0.99983093 0.00005500
2457586.00210000 0.99999781 0.00005500
2457586.02250000 0.99990556 0.00005500
2457586.04290000 0.99998403 0.00005500
2457586.06340000 1.00000648 0.00005500
2457586.12470000 1.00005545 0.00005500
2457586.14510000 1.00000781 0.00005500
2457586.16550000 1.00003351 0.00005500
2457586.18600000 1.00006137 0.00005500
2457586.20640000 1.00001292 0.00005500
2457586.22680000 0.99998337 0.00005500
2457586.24730000 1.00002816 0.00005500
2457586.26770000 1.00002782 0.00005500
2457586.28810000 1.00007258 0.00005500
2457586.30860000 1.00004307 0.00005500
2457586.32900000 0.99996733 0.00005500
2457586.34940000 0.99995632 0.00005500
2457586.36990000 0.99995018 0.00005500
2457586.39030000 0.99994596 0.00005500
2457586.41070000 0.99990923 0.00005500
2457586.43120000 0.99991273 0.00005500
2457586.45160000 0.99995894 0.00005500
2457586.47200000 0.99980322 0.00005500
2457586.49240000 0.99960814 0.00005500
2457586.51290000 0.99960188 0.00005500
2457586.53330000 0.99954645 0.00005500
2457586.55370000 0.99968825 0.00005500
2457586.67630000 1.00000509 0.00005500
2457586.69680000 1.00001241 0.00005500
2457586.71720000 0.99998253 0.00005500
2457586.73760000 0.99997415 0.00005500
2457586.75810000 0.99998535 0.00005500
2457586.77850000 0.99995427 0.00005500
2457586.79890000 0.99998565 0.00005500
2457586.81940000 0.99997211 0.00005500
2457586.83980000 0.99996211 0.00005500
2457586.86020000 0.99995112 0.00005500
2457586.88070000 1.00002824 0.00005500
2457586.90110000 1.00004345 0.00005500
2457586.92150000 1.00004935 0.00005500
2457586.94190000 1.00003155 0.00005500
2457586.96240000 1.00011349 0.00005500
2457586.98280000 1.00017298 0.00005500
2457587.00320000 1.00013299 0.00005500
2457587.02370000 1.00010110 0.00005500
2457587.04410000 1.00013963 0.00005500
2457587.08500000 1.00016210 0.00005500
2457587.10540000 1.00009782 0.00005500
2457587.12580000 1.00009213 0.00005500
2457587.14630000 1.00012858 0.00005500
2457587.16670000 1.00003300 0.00005500
2457587.18710000 0.99998565 0.00005500
2457587.20760000 1.00000044 0.00005500
2457587.22800000 1.00001423 0.00005500
2457587.24840000 0.99994993 0.00005500
2457587.26890000 1.00002547 0.00005500
2457587.28930000 0.99999957 0.00005500
2457587.30970000 0.99995249 0.00005500
2457587.33020000 0.99995865 0.00005500
2457587.35060000 0.99996381 0.00005500
2457587.37100000 0.99994349 0.00005500
2457587.39150000 1.00000299 0.00005500
2457587.41190000 1.00001361 0.00005500
2457587.43230000 0.99999329 0.00005500
2457587.45270000 1.00004805 0.00005500
2457587.47320000 0.99997247 0.00005500
2457587.49360000 1.00000561 0.00005500
2457587.51400000 0.99998697 0.00005500
2457587.53450000 1.00001096 0.00005500
2457587.57530000 0.99995780 0.00005500
2457587.59580000 0.99991766 0.00005500
2457587.61620000 0.99993420 0.00005500
2457587.63660000 0.99997081 0.00005500
2457587.65710000 0.99993712 0.00005500
2457587.67750000 0.99999281 0.00005500
2457587.69790000 0.99992693 0.00005500
2457587.71840000 0.99995540 0.00005500
2457587.73880000 0.99999336 0.00005500
2457587.75920000 0.99995034 0.00005500
2457587.77970000 0.99991165 0.00005500
2457587.80010000 0.99993411 0.00005500
2457587.82050000 0.99995049 0.00005500
2457587.84100000 0.99993827 0.00005500
2457587.86140000 0.99998982 0.00005500
2457587.88180000 0.99989883 0.00005500
2457587.90220000 0.99990638 0.00005500
2457587.92270000 0.99995408 0.00005500
2457587.94310000 0.99995555 0.00005500
2457587.96350000 0.99988861 0.00005500
2457587.98400000 0.99992299 0.00005500
2457588.00440000 0.99999015 0.00005500
2457588.02480000 1.00000360 0.00005500
2457588.06570000 1.00000072 0.00005500
2457588.08610000 0.99999868 0.00005500
2457588.10660000 1.00001377 0.00005500
2457588.12700000 1.00005208 0.00005500
2457588.14740000 1.00002818 0.00005500
2457588.16790000 1.00009967 0.00005500
2457588.18830000 1.00004960 0.00005500
2457588.20870000 1.00010278 0.00005500
2457588.22920000 1.00006880 0.00005500
2457588.24960000 1.00007670 0.00005500
2457588.27000000 1.00001653 0.00005500
2457588.29050000 1.00003281 0.00005500
2457588.31090000 1.00001947 0.00005500
2457588.33130000 1.00006343 0.00005500
2457588.35170000 1.00007008 0.00005500
2457588.37220000 1.00001198 0.00005500
2457588.39260000 1.00005801 0.00005500
2457588.41300000 1.00001370 0.00005500
2457588.43350000 1.00006344 0.00005500
2457588.45390000 1.00002587 0.00005500
2457588.47430000 1.00006324 0.00005500
2457588.49480000 1.00009975 0.00005500
2457588.51520000 1.00000120 0.00005500
2457588.55610000 1.00005507 0.00005500
2457588.57650000 1.00006356 0.00005500
2457588.59690000 1.00005429 0.00005500
2457588.61740000 1.00005511 0.00005500
2457588.63780000 1.00000106 0.00005500
2457588.65820000 0.99995080 0.00005500
2457588.67870000 0.99994575 0.00005500
2457588.69910000 0.99996929 0.00005500
2457588.71950000 0.99992747 0.00005500
2457588.74000000 0.99993300 0.00005500
2457588.76040000 0.99991542 0.00005500
2457588.80120000 0.99998571 0.00005500
2457588.82170000 1.00000874 0.00005500
2457588.84210000 1.00006872 0.00005500
2457588.86250000 0.99989693 0.00005500
2457588.88300000 0.99994965 0.00005500
2457588.90340000 0.99991801 0.00005500
2457588.92380000 0.99992789 0.00005500
2457588.94430000 0.99992754 0.00005500
2457588.96470000 0.99999859 0.00005500
2457588.98510000 0.99997007 0.00005500
2457589.00560000 0.99996831 0.00005500
2457589.02600000 1.00010999 0.00005500
2457589.04640000 1.00001075 0.00005500
2457589.06690000 1.00002646 0.00005500
2457589.08730000 0.99999117 0.00005500
2457589.10770000 1.00001525 0.00005500
2457589.12820000 0.99999169 0.00005500
2457589.14860000 0.99999068 0.00005500
2457589.16900000 0.99993452 0.00005500
2457589.18950000 1.00000788 0.00005500
2457589.20990000 1.00004535 0.00005500
2457589.23030000 0.99998864 0.00005500
2457589.25070000 0.99999349 0.00005500
2457589.27120000 1.00002408 0.00005500
2457589.29160000 0.99997145 0.00005500
2457589.31200000 0.99998110 0.00005500
2457589.33250000 0.99999856 0.00005500
2457589.35290000 1.00001616 0.00005500
2457589.37330000 1.00003395 0.00005500
2457589.39380000 1.00002648 0.00005500
2457589.41420000 1.00001921 0.00005500
2457589.43460000 0.99999668 0.00005500
2457589.45510000 1.00003798 0.00005500
2457589.47550000 1.00001932 0.00005500
2457589.49590000 0.99998165 0.00005500
2457589.53680000 0.99997353 0.00005500
2457589.55720000 1.00006174 0.00005500
2457589.57770000 1.00000889 0.00005500
2457589.59810000 0.99999844 0.00005500
2457589.61850000 0.99999975 0.00005500
2457589.63900000 0.99998617 0.00005500
2457589.65940000 0.99995632 0.00005500
2457589.67980000 1.00000780 0.00005500
2457589.70020000 1.00001955 0.00005500
2457589.72070000 0.99995473 0.00005500
2457589.74110000 1.00001277 0.00005500
2457589.78200000 1.00000572 0.00005500
2457603.79820000 0.99992443 0.00005500
2457603.81860000 0.99999140 0.00005500
2457603.83900000 0.99995900 0.00005500
2457603.85940000 1.00000788 0.00005500
2457603.87990000 0.99998715 0.00005500
2457603.90030000 1.00004647 0.00005500
2457603.92070000 1.00006451 0.00005500
2457603.94120000 1.00006172 0.00005500
2457603.96160000 1.00003824 0.00005500
2457603.98200000 1.00008152 0.00005500
2457604.00250000 1.00002457 0.00005500
2457604.02290000 0.99998725 0.00005500
2457604.04330000 0.99996970 0.00005500
2457604.06380000 0.99998865 0.00005500
2457604.08420000 0.99996905 0.00005500
2457604.10460000 1.00000147 0.00005500
2457604.12510000 0.99999290 0.00005500
2457604.14550000 1.00000303 0.00005500
2457604.16590000 0.99994310 0.00005500
2457604.18640000 0.99996386 0.00005500
2457604.20680000 0.99997051 0.00005500
2457604.22720000 1.00001377 0.00005500
2457604.24770000 1.00001450 0.00005500
2457604.26810000 0.99998949 0.00005500
2457604.28850000 0.99995874 0.00005500
2457604.30890000 0.99996919 0.00005500
2457604.32940000 0.99998224 0.00005500
2457604.34980000 0.99996483 0.00005500
2457604.37020000 1.00004452 0.00005500
2457604.39070000 0.99994350 0.00005500
2457604.41110000 0.99994710 0.00005500
2457604.43150000 0.99990136 0.00005500
2457604.45200000 0.99995675 0.00005500
2457604.47240000 1.00001292 0.00005500
2457604.49280000 1.00010783 0.00005500
2457604.51330000 1.00009866 0.00005500
2457604.53370000 1.00008457 0.00005500
2457604.55410000 1.00009101 0.00005500
2457604.57460000 1.00005388 0.00005500
2457604.59500000 1.00005450 0.00005500
2457604.61540000 1.00005377 0.00005500
2457604.63590000 0.99996455 0.00005500
2457604.65630000 1.00000295 0.00005500
2457604.67670000 0.99997712 0.00005500
2457604.69710000 0.99996349 0.00005500
2457604.73800000 0.99997818 0.00005500
2457604.75840000 1.00001873 0.00005500
2457604.77890000 1.00003521 0.00005500
2457604.79930000 0.99997791 0.00005500
2457604.81970000 0.99995630 0.00005500
2457604.84020000 0.99992496 0.00005500
2457604.86060000 0.99992993 0.00005500
2457604.88100000 0.99998482 0.00005500
2457604.90150000 0.99999937 0.00005500
2457604.92190000 1.00004658 0.00005500
2457604.94230000 1.00006269 0.00005500
2457604.96280000 1.00005725 0.00005500
2457604.98320000 1.00004263 0.00005500
2457605.00360000 0.99999457 0.00005500
2457605.02410000 1.00003859 0.00005500
2457605.04450000 1.00001530 0.00005500
2457605.06490000 0.99999951 0.00005500
2457605.08540000 0.99994882 0.00005500
2457605.10580000 0.99996039 0.00005500
2457605.12620000 0.99997053 0.00005500
2457605.14660000 0.99992566 0.00005500
2457605.16710000 1.00002645 0.00005500
2457605.18750000 0.99994978 0.00005500
2457605.20790000 0.99993260 0.00005500
2457605.22840000 0.99998565 0.00005500
2457605.24880000 0.99992940 0.00005500
2457605.26920000 0.99998921 0.00005500
2457605.28970000 0.99997982 0.00005500
2457605.31010000 1.00005921 0.00005500
2457605.33050000 1.00001449 0.00005500
2457605.35100000 0.99994483 0.00005500
2457605.37140000 0.99993508 0.00005500
2457605.39180000 0.99999419 0.00005500
2457605.41230000 0.99998823 0.00005500
2457605.43270000 0.99997759 0.00005500
2457605.45310000 0.99999785 0.00005500
2457605.47360000 1.00002095 0.00005500
2457605.49400000 1.00007256 0.00005500
2457605.51440000 0.99998283 0.00005500
2457605.53480000 1.00003606 0.00005500
2457605.55530000 0.99998709 0.00005500
2457605.57570000 0.99995816 0.00005500
2457605.59610000 0.99975027 0.00005500
2457605.61660000 0.99970463 0.00005500
2457605.63700000 0.99973393 0.00005500
2457605.65740000 0.99971509 0.00005500
2457605.67790000 0.99968195 0.00005500
2457605.71870000 0.99978434 0.00005500
2457605.73920000 1.00007417 0.00005500
2457605.75960000 1.00007540 0.00005500
2457605.78000000 0.99996508 0.00005500
2457605.80050000 0.99996124 0.00005500
2457605.82090000 0.99995923 0.00005500
2457605.84130000 0.99992022 0.00005500
2457605.86180000 1.00000245 0.00005500
2457605.88220000 0.99995875 0.00005500
2457605.90260000 0.99997703 0.00005500
2457605.92300000 1.00000235 0.00005500
2457605.94350000 1.00002848 0.00005500
2457605.96390000 0.99999681 0.00005500
2457605.98430000 0.99999000 0.00005500
2457606.00480000 0.99999857 0.00005500
2457606.02520000 1.00000390 0.00005500
2457606.04560000 1.00003801 0.00005500
2457606.06610000 1.00003103 0.00005500
2457606.08650000 1.00005047 0.00005500
2457606.10690000 0.99998241 0.00005500
2457606.12740000 0.99999101 0.00005500
2457606.14780000 0.99997222 0.00005500
2457606.16820000 1.00001839 0.00005500
2457606.18870000 0.99999411 0.00005500
2457606.20910000 0.99997945 0.00005500
2457606.22950000 0.99996401 0.00005500
2457606.25000000 0.99994649 0.00005500
2457606.27040000 0.99994238 0.00005500
2457606.31130000 0.99995626 0.00005500
2457606.33170000 0.99996183 0.00005500
2457606.35210000 0.99998028 0.00005500
2457606.37250000 1.00001702 0.00005500
2457606.39300000 1.00003165 0.00005500
2457606.41340000 0.99995331 0.00005500
2457606.43380000 0.99995684 0.00005500
2457606.45430000 0.99996815 0.00005500
2457606.47470000 1.00001460 0.00005500
2457606.49510000 0.99996776 0.00005500
2457606.51560000 1.00001649 0.00005500
2457606.53600000 1.00002060 0.00005500
2457606.55640000 1.00003674 0.00005500
2457606.57690000 1.00003626 0.00005500
2457606.59730000 1.00002024 0.00005500
2457606.61770000 1.00005195 0.00005500
2457606.63820000 1.00002346 0.00005500
2457606.65860000 1.00001156 0.00005500
2457606.67900000 1.00004281 0.00005500
2457606.69950000 1.00000213 0.00005500
2457606.71990000 0.99998998 0.00005500
2457606.74030000 0.99998289 0.00005500
2457606.76070000 0.99997121 0.00005500
2457606.78120000 1.00002345 0.00005500
2457606.80160000 1.00006794 0.00005500
2457606.82200000 0.99998801 0.00005500
2457606.84250000 1.00003593 0.00005500
2457606.86290000 0.99994575 0.00005500
2457606.88330000 0.99998062 0.00005500
2457606.90380000 1.00000132 0.00005500
2457606.92420000 1.00007939 0.00005500
2457606.94460000 0.99999612 0.00005500
2457606.96510000 0.99999942 0.00005500
2457606.98550000 0.99994971 0.00005500
2457607.00590000 0.99997894 0.00005500
2457607.02640000 1.00000552 0.00005500
2457607.04680000 0.99993232 0.00005500
2457607.06720000 0.99998899 0.00005500
2457607.08770000 0.99994541 0.00005500
2457607.10810000 1.00003135 0.00005500
2457607.12850000 0.99993963 0.00005500
2457607.14900000 0.99998044 0.00005500
2457607.18980000 0.99999635 0.00005500
2457607.21020000 0.99996959 0.00005500
2457607.23070000 1.00005118 0.00005500
2457607.25110000 1.00000683 0.00005500
2457607.27150000 0.99997423 0.00005500
2457607.29200000 0.99997111 0.00005500
2457607.31240000 1.00001466 0.00005500
2457607.33280000 1.00004203 0.00005500
2457607.35330000 1.00005688 0.00005500
2457607.37370000 1.00012624 0.00005500
2457607.39410000 1.00009778 0.00005500
2457607.41460000 1.00008220 0.00005500
2457607.43500000 1.00001984 0.00005500
2457607.45540000 1.00001127 0.00005500
2457607.47590000 0.99995627 0.00005500
2457607.49630000 0.99995589 0.00005500
2457607.51670000 0.99992009 0.00005500
2457607.53720000 0.99995594 0.00005500
2457607.55760000 0.99994896 0.00005500
2457607.57800000 0.99993773 0.00005500
2457607.59840000 0.99995610 0.00005500
2457607.61890000 1.00000024 0.00005500
2457607.63930000 1.00002410 0.00005500
2457607.70060000 1.00008442 0.00005500
2457607.72100000 1.00006303 0.00005500
2457607.74150000 0.99998686 0.00005500
2457607.76190000 0.99992227 0.00005500
2457607.78230000 0.99996019 0.00005500
2457607.80280000 1.00004651 0.00005500
2457607.82320000 1.00004994 0.00005500
2457607.84360000 0.99997208 0.00005500
2457607.86410000 0.99998752 0.00005500
2457607.88450000 0.99999560 0.00005500
2457607.90490000 1.00000448 0.00005500
2457607.92540000 1.00001985 0.00005500
2457607.94580000 0.99998788 0.00005500
2457607.96620000 0.99998836 0.00005500
2457607.98660000 1.00000354 0.00005500
2457608.00710000 1.00001240 0.00005500
2457608.02750000 1.00001962 0.00005500
2457608.04790000 1.00004224 0.00005500
2457608.06840000 1.00005882 0.00005500
2457608.08880000 1.00000568 0.00005500
2457608.10920000 1.00002723 0.00005500
2457608.12970000 0.99999340 0.00005500
2457608.15010000 0.99996676 0.00005500
2457608.17050000 0.99999550 0.00005500
2457608.19100000 0.99999838 0.00005500
2457608.21140000 0.99994381 0.00005500
2457608.23180000 0.99990967 0.00005500
2457608.25230000 0.99995721 0.00005500
2457608.27270000 0.99990967 0.00005500
2457608.29310000 0.99995371 0.00005500
2457608.31360000 0.99994576 0.00005500
2457608.33400000 0.99997603 0.00005500
2457608.35440000 1.00002123 0.00005500
2457608.37490000 1.00000166 0.00005500
2457608.41570000 1.00005636 0.00005500
2457608.43610000 0.99995911 0.00005500
2457608.45660000 1.00006951 0.00005500
2457608.47700000 0.99994176 0.00005500
2457608.49740000 1.00003721 0.00005500
2457608.51790000 1.00004449 0.00005500
2457608.53830000 1.00009446 0.00005500
2457608.55870000 1.00003611 0.00005500
2457608.57920000 1.00001787 0.00005500
2457608.70180000 1.00002342 0.00005500
2457608.72220000 1.00002545 0.00005500
2457608.74260000 1.00006654 0.00005500
2457608.76310000 0.99998942 0.00005500
2457608.78350000 0.99995434 0.00005500
2457608.80390000 0.99999717 0.00005500
2457608.82430000 0.99999367 0.00005500
2457608.84480000 0.99999287 0.00005500
2457608.86520000 1.00000727 0.00005500
2457608.88560000 1.00004146 0.00005500
2457608.90610000 1.00003420 0.00005500
2457608.92650000 1.00004788 0.00005500
2457608.94690000 0.99994766 0.00005500
2457608.96740000 1.00000472 0.00005500
2457608.98780000 0.99996837 0.00005500
2457609.00820000 1.00000108 0.00005500
2457609.02870000 0.99999519 0.00005500
2457609.04910000 0.99999423 0.00005500
2457609.06950000 0.99998494 0.00005500
2457609.09000000 0.99996437 0.00005500
2457609.11040000 0.99998009 0.00005500
2457609.13080000 1.00000543 0.00005500
2457609.15130000 1.00000623 0.00005500
2457609.17170000 0.99993637 0.00005500
2457609.19210000 0.99997312 0.00005500
2457609.21250000 1.00002610 0.00005500
2457609.23300000 1.00005536 0.00005500
2457609.25340000 1.00003047 0.00005500
2457609.27380000 1.00001922 0.00005500
2457609.29430000 1.00002172 0.00005500
2457609.31470000 0.99999811 0.00005500
2457609.33510000 0.99999040 0.00005500
2457609.35560000 0.99996027 0.00005500
2457609.37600000 0.99999491 0.00005500
2457609.39640000 0.99993618 0.00005500
2457609.41690000 1.00000463 0.00005500
2457609.43730000 0.99996978 0.00005500
2457609.45770000 0.99996327 0.00005500
2457609.47820000 1.00000590 0.00005500
2457609.49860000 1.00000630 0.00005500
2457609.51900000 0.99998738 0.00005500
2457609.53950000 1.00001896 0.00005500
2457609.55990000 0.99998030 0.00005500
2457609.58030000 0.99997651 0.00005500
2457609.60080000 0.99997520 0.00005500
2457609.66200000 1.00000454 0.00005500
2457609.68250000 0.99998497 0.00005500
2457609.70290000 0.99997881 0.00005500
2457609.72330000 1.00005662 0.00005500
2457609.74380000 1.00005519 0.00005500
2457609.76420000 1.00005540 0.00005500
2457609.78460000 0.99999240 0.00005500
2457609.80510000 1.00002972 0.00005500
2457609.82550000 1.00004224 0.00005500
2457609.84590000 1.00001448 0.00005500
2457609.86640000 0.99999522 0.00005500
2457609.88680000 0.99997852 0.00005500
2457609.90720000 0.99997309 0.00005500
2457609.92770000 0.99998836 0.00005500
2457609.94810000 0.99999768 0.00005500
2457609.96850000 0.99995110 0.00005500
2457609.98900000 1.00007423 0.00005500
2457610.00940000 1.00003209 0.00005500
2457610.02980000 1.00002022 0.00005500
2457610.05020000 0.99998560 0.00005500
2457610.07070000 0.99998752 0.00005500
2457610.09110000 0.99995881 0.00005500
2457610.11150000 1.00001284 0.00005500
2457610.13200000 1.00005530 0.00005500
2457610.15240000 1.00004568 0.00005500
2457610.17280000 1.00003238 0.00005500
2457610.19330000 1.00002098 0.00005500
2457610.21370000 0.99994106 0.00005500
2457610.23410000 0.99998413 0.00005500
2457610.25460000 0.99999114 0.00005500
2457610.27500000 1.00006693 0.00005500
2457610.29540000 0.99998994 0.00005500
2457610.31590000 0.99998362 0.00005500
2457610.33630000 0.99997706 0.00005500
2457610.35670000 0.99992819 0.00005500
2457610.37720000 0.99996595 0.00005500
2457610.39760000 0.99996901 0.00005500
2457610.41800000 0.99989721 0.00005500
2457610.43850000 0.99997007 0.00005500
2457610.45890000 0.99999552 0.00005500
2457610.47930000 1.00003208 0.00005500
2457610.49970000 0.99993928 0.00005500
2457610.52020000 1.00003022 0.00005500
2457610.54060000 0.99998372 0.00005500
2457610.56100000 0.99997439 0.00005500
2457610.58150000 0.99998262 0.00005500
2457610.60190000 1.00009800 0.00005500
2457610.62230000 0.99999640 0.00005500
2457610.64280000 1.00002958 0.00005500
2457610.66320000 0.99998929 0.00005500
2457610.68360000 1.00000031 0.00005500
2457610.70410000 1.00007025 0.00005500
2457610.72450000 0.99999039 0.00005500
2457610.74490000 1.00000797 0.00005500
2457610.76540000 0.99998705 0.00005500
2457610.78580000 0.99995853 0.00005500
2457610.80620000 1.00005131 0.00005500
2457610.82670000 1.00003730 0.00005500
2457610.84710000 0.99999490 0.00005500
2457610.86750000 0.99997770 0.00005500
2457610.88790000 0.99995930 0.00005500
2457610.90840000 1.00008468 0.00005500
2457610.92880000 1.00002085 0.00005500
2457610.94920000 1.00002482 0.00005500
2457610.96970000 1.00001594 0.00005500
2457610.99010000 0.99997633 0.00005500
2457611.01050000 1.00002712 0.00005500
2457611.03100000 0.99993011 0.00005500
2457611.05140000 0.99923577 0.00005500
2457611.07180000 0.99899348 0.00005500
2457611.09230000 0.99897375 0.00005500
2457611.11270000 0.99893467 0.00005500
2457611.13310000 0.99888597 0.00005500
2457611.15360000 0.99893336 0.00005500
2457611.17400000 0.99896829 0.00005500
2457611.19440000 0.99901338 0.00005500
2457611.21490000 0.99917287 0.00005500
2457611.23530000 1.00010606 0.00005500
2457611.25570000 0.99998074 0.00005500
2457611.29660000 0.99995634 0.00005500
2457611.31700000 0.99995947 0.00005500
2457611.33740000 1.00002633 0.00005500
2457611.35790000 0.99995769 0.00005500
2457611.37830000 1.00000149 0.00005500
2457611.39870000 1.00003387 0.00005500
2457611.41920000 0.99999290 0.00005500
2457611.43960000 1.00002342 0.00005500
2457611.46000000 1.00002894 0.00005500
2457611.48050000 1.00000966 0.00005500
2457611.50090000 1.00005953 0.00005500
2457611.52130000 1.00001414 0.00005500
2457611.54180000 0.99997301 0.00005500
2457611.56220000 0.99994922 0.00005500
2457611.60310000 1.00001102 0.00005500
2457611.62350000 0.99992594 0.00005500
2457611.64390000 0.99999674 0.00005500
2457611.66440000 0.99998499 0.00005500
2457611.68480000 0.99997744 0.00005500
2457611.70520000 0.99996489 0.00005500
2457611.72560000 0.99993056 0.00005500
2457611.74610000 0.99996703 0.00005500
2457611.76650000 0.99998353 0.00005500
2457611.78690000 0.99991913 0.00005500
2457611.80740000 1.00000678 0.00005500
2457611.82780000 1.00010013 0.00005500
2457611.84820000 1.00005982 0.00005500
2457611.86870000 1.00007179 0.00005500
2457611.88910000 1.00003618 0.00005500
2457611.90950000 1.00003752 0.00005500
2457611.93000000 0.99998177 0.00005500
2457611.95040000 1.00008965 0.00005500
2457611.97080000 0.99997284 0.00005500
2457611.99130000 0.99998562 0.00005500
2457612.01170000 1.00003629 0.00005500
2457612.03210000 1.00000105 0.00005500
2457612.05260000 1.00003184 0.00005500
2457612.07300000 1.00001455 0.00005500
2457612.09340000 0.99997451 0.00005500
2457612.11380000 0.99996578 0.00005500
2457612.13430000 0.99998468 0.00005500
2457612.15470000 0.99996437 0.00005500
2457612.17510000 0.99998385 0.00005500
2457612.19560000 0.99999293 0.00005500
2457612.21600000 0.99998556 0.00005500
2457612.23640000 0.99997550 0.00005500
2457612.25690000 1.00004242 0.00005500
2457612.27730000 1.00001150 0.00005500
2457612.29770000 0.99999554 0.00005500
2457612.31820000 0.99998883 0.00005500
2457612.33860000 1.00001757 0.00005500
2457612.35900000 1.00006382 0.00005500
2457612.37950000 0.99994125 0.00005500
2457612.39990000 0.99999053 0.00005500
2457612.42030000 0.99996957 0.00005500
2457612.44080000 0.99997123 0.00005500
2457612.46120000 1.00001492 0.00005500
2457612.48160000 0.99998756 0.00005500
2457612.50200000 0.99997921 0.00005500
2457612.52250000 1.00005181 0.00005500
2457612.54290000 0.99997722 0.00005500
2457612.56330000 1.00002663 0.00005500
2457612.58380000 0.99995900 0.00005500
2457612.60420000 0.99997835 0.00005500
2457612.62460000 1.00000428 0.00005500
2457612.64510000 0.99998560 0.00005500
2457612.66550000 1.00001490 0.00005500
2457612.68590000 1.00001670 0.00005500
2457612.70640000 1.00000558 0.00005500
2457612.72680000 1.00003479 0.00005500
2457612.74720000 1.00003136 0.00005500
2457612.76770000 0.99999773 0.00005500
2457612.78810000 0.99996475 0.00005500
2457612.80850000 1.00001781 0.00005500
2457612.82900000 1.00000154 0.00005500
2457612.84940000 0.99999888 0.00005500
2457612.86980000 1.00003755 0.00005500
2457612.89020000 1.00000228 0.00005500
2457612.91070000 1.00002159 0.00005500
2457612.93110000 0.99996341 0.00005500
2457612.95150000 0.99996170 0.00005500
2457612.97200000 1.00004138 0.00005500
2457612.99240000 1.00000790 0.00005500
2457613.01280000 0.99995986 0.00005500
2457613.03330000 0.99997308 0.00005500
2457613.05370000 0.99998673 0.00005500
2457613.07410000 0.99999260 0.00005500
2457613.09460000 0.99999266 0.00005500
2457613.11500000 1.00007652 0.00005500
2457613.13540000 1.00000405 0.00005500
2457613.15590000 0.99999309 0.00005500
2457613.17630000 1.00000546 0.00005500
2457613.19670000 1.00001714 0.00005500
2457613.21720000 0.99999490 0.00005500
2457613.23760000 0.99997487 0.00005500
2457613.25800000 0.99995686 0.00005500
2457613.27850000 1.00005283 0.00005500
2457613.31930000 1.00000595 0.00005500
2457613.33970000 0.99998655 0.00005500
2457613.36020000 0.99999328 0.00005500
2457613.38060000 0.99996965 0.00005500
2457613.40100000 0.99992165 0.00005500
2457613.42150000 1.00000579 0.00005500
2457613.44190000 0.99997273 0.00005500
2457613.46230000 0.99989771 0.00005500
2457613.48280000 0.99988937 0.00005500
2457613.50320000 0.99994500 0.00005500
2457613.52360000 0.99995860 0.00005500
2457613.58490000 1.00008101 0.00005500
2457613.60540000 1.00014415 0.00005500
2457613.62580000 1.00013301 0.00005500
2457613.64620000 1.00017310 0.00005500
2457613.66670000 1.00013089 0.00005500
2457613.68710000 1.00011909 0.00005500
2457613.70750000 1.00010493 0.00005500
2457613.72790000 1.00004885 0.00005500
2457613.74840000 0.99998626 0.00005500
2457613.76880000 0.99994113 0.00005500
2457613.78920000 0.99993127 0.00005500
2457613.80970000 0.99998737 0.00005500
2457613.83010000 1.00001207 0.00005500
2457613.85050000 0.99999985 0.00005500
2457613.87100000 0.99991186 0.00005500
2457613.89140000 0.99998297 0.00005500
2457613.91180000 0.99998964 0.00005500
2457613.93230000 0.99996518 0.00005500
2457613.95270000 0.99992734 0.00005500
2457613.97310000 0.99993734 0.00005500
2457613.99360000 0.99998205 0.00005500
2457614.01400000 1.00000882 0.00005500
2457614.03440000 0.99998508 0.00005500
2457614.05490000 0.99999299 0.00005500
2457614.07530000 0.99996240 0.00005500
2457614.09570000 0.99998222 0.00005500
2457614.11610000 0.99998582 0.00005500
2457614.13660000 1.00000357 0.00005500
2457614.15700000 0.99994738 0.00005500
2457614.17740000 0.99997105 0.00005500
2457614.19790000 0.99994102 0.00005500
2457614.21830000 0.99998609 0.00005500
2457614.23870000 0.99996781 0.00005500
2457614.25920000 0.99998806 0.00005500
2457614.27960000 1.00001932 0.00005500
2457614.30000000 0.99999838 0.00005500
2457614.32050000 1.00001106 0.00005500
2457614.34090000 0.99999428 0.00005500
2457614.36130000 1.00000871 0.00005500
2457614.38180000 0.99992582 0.00005500
2457614.40220000 0.99995963 0.00005500
2457614.42260000 0.99998273 0.00005500
2457614.44310000 1.00000640 0.00005500
2457614.46350000 0.99998513 0.00005500
2457614.48390000 1.00003680 0.00005500
2457614.50440000 1.00001680 0.00005500
2457614.54520000 1.00006490 0.00005500
2457614.56560000 1.00008340 0.00005500
2457614.58610000 1.00000560 0.00005500
2457614.60650000 1.00003300 0.00005500
2457614.62690000 1.00003560 0.00005500
2457614.64740000 1.00005580 0.00005500
2457614.66780000 1.00001940 0.00005500
2457614.68820000 0.99997286 0.00005500
2457614.70870000 1.00003120 0.00005500
2457614.72910000 0.99997997 0.00005500
2457614.74950000 0.99996446 0.00005500
2457614.77000000 1.00009120 0.00005500
2457614.81080000 1.00007940 0.00005500
2457614.83130000 0.99999370 0.00005500
2457614.85170000 1.00000810 0.00005500
2457614.87210000 0.99998680 0.00005500
2457614.89260000 0.99997142 0.00005500
2457614.91300000 0.99998620 0.00005500
2457614.93340000 1.00001220 0.00005500
2457614.95380000 1.00001150 0.00005500
2457614.97430000 0.99992687 0.00005500
2457614.99470000 1.00000080 0.00005500
2457615.01510000 1.00009190 0.00005500
2457615.03560000 0.99996083 0.00005500
2457615.05600000 0.99998420 0.00005500
2457615.07640000 0.99994879 0.00005500
2457615.09690000 1.00005010 0.00005500
2457615.11730000 0.99998230 0.00005500
2457615.13770000 0.99977949 0.00005500
2457615.15820000 0.99970902 0.00005500
2457615.17860000 0.99972341 0.00005500
2457615.21950000 0.99964338 0.00005500
2457615.23990000 0.99965971 0.00005500
2457615.28080000 0.99983778 0.00005500
2457615.30120000 1.00004330 0.00005500
2457615.32160000 1.00003270 0.00005500
2457615.34200000 1.00003270 0.00005500
2457615.36250000 0.99993582 0.00005500
2457615.38290000 1.00002550 0.00005500
2457615.40330000 0.99988133 0.00005500
2457615.42380000 0.99996090 0.00005500
2457615.44420000 1.00006810 0.00005500
2457615.46460000 1.00009349 0.00005500
2457615.48510000 1.00002300 0.00005500
2457615.52590000 1.00000380 0.00005500
2457615.54640000 1.00000630 0.00005500
2457615.56680000 0.99994030 0.00005500
2457615.58720000 0.99989033 0.00005500
2457615.60770000 0.99995660 0.00005500
2457615.62810000 0.99992146 0.00005500
2457615.64850000 0.99992731 0.00005500
2457615.66900000 0.99993481 0.00005500
2457615.68940000 0.99998050 0.00005500
2457615.70980000 0.99993531 0.00005500
2457615.73030000 1.00016559 0.00005500
2457615.77110000 1.00000350 0.00005500
2457615.79150000 1.00003460 0.00005500
2457615.81200000 1.00001160 0.00005500
2457615.83240000 0.99999260 0.00005500
2457615.85280000 1.00004170 0.00005500
2457615.87330000 0.99998760 0.00005500
2457615.89370000 0.99995310 0.00005500
2457615.91410000 1.00000900 0.00005500
2457615.93460000 0.99998190 0.00005500
2457615.95500000 1.00003010 0.00005500
2457615.97540000 0.99996640 0.00005500
2457615.99590000 1.00001530 0.00005500
2457616.01630000 0.99998730 0.00005500
2457616.03670000 0.99992361 0.00005500
2457616.05720000 0.99992081 0.00005500
2457616.07760000 0.99987438 0.00005500
2457616.09800000 0.99995930 0.00005500
2457616.11850000 1.00005199 0.00005500
2457616.13890000 1.00011439 0.00005500
2457616.15930000 1.00002320 0.00005500
2457616.17970000 0.99996100 0.00005500
2457616.20020000 0.99996320 0.00005500
2457616.22060000 1.00004819 0.00005500
2457616.24100000 1.00009549 0.00005500
2457616.26150000 1.00007409 0.00005500
2457616.28190000 1.00017448 0.00005500
2457616.30230000 1.00011199 0.00005500
2457616.32280000 1.00002310 0.00005500
2457616.34320000 1.00006309 0.00005500
2457616.36360000 0.99999780 0.00005500
2457616.38410000 1.00000870 0.00005500
2457616.40450000 1.00001050 0.00005500
2457616.42490000 0.99997220 0.00005500
2457616.44540000 1.00000420 0.00005500
2457616.50670000 0.99995700 0.00005500
2457616.52710000 0.99996220 0.00005500
2457616.54750000 1.00003560 0.00005500
2457616.56790000 1.00006379 0.00005500
2457616.58840000 1.00001580 0.00005500
2457616.60880000 1.00002880 0.00005500
2457616.62920000 0.99998460 0.00005500
2457616.64970000 0.99993191 0.00005500
2457616.67010000 0.99999470 0.00005500
2457616.69050000 0.99992661 0.00005500
2457616.71100000 1.00000370 0.00005500
2457616.73140000 0.99990013 0.00005500
2457616.75180000 1.00001820 0.00005500
2457616.77230000 1.00001200 0.00005500
2457616.79270000 0.99998450 0.00005500
2457616.81310000 0.99996390 0.00005500
2457616.83360000 0.99997910 0.00005500
2457616.85400000 0.99995610 0.00005500
2457616.87440000 0.99989711 0.00005500
2457616.89490000 0.99993461 0.00005500
2457616.91530000 0.99996530 0.00005500
2457616.93570000 1.00003810 0.00005500
2457616.95620000 0.99997050 0.00005500
2457616.99700000 1.00001570 0.00005500
2457617.01740000 1.00000380 0.00005500
2457617.03790000 1.00004519 0.00005500
2457617.05830000 1.00017318 0.00005500
2457617.07870000 0.99996340 0.00005500
2457617.09920000 1.00000150 0.00005500
2457617.11960000 0.99988472 0.00005500
2457617.14000000 0.99999280 0.00005500
2457617.16050000 0.99997460 0.00005500
2457617.18090000 1.00003489 0.00005500
2457617.20130000 1.00010298 0.00005500
2457617.22180000 1.00003669 0.00005500
2457617.24220000 1.00001780 0.00005500
2457617.26260000 1.00000330 0.00005500
2457617.28310000 1.00001320 0.00005500
2457617.30350000 1.00000490 0.00005500
2457617.32390000 1.00003269 0.00005500
2457617.34440000 0.99997030 0.00005500
2457617.36480000 1.00003090 0.00005500
2457617.38520000 0.99998150 0.00005500
2457617.40560000 1.00000910 0.00005500
2457617.42610000 0.99999300 0.00005500
2457617.44650000 1.00000200 0.00005500
2457617.48740000 1.00002130 0.00005500
2457617.50780000 0.99994051 0.00005500
2457617.52820000 0.99992721 0.00005500
2457617.54870000 0.99997620 0.00005500
2457617.56910000 0.99996171 0.00005500
2457617.58950000 0.99996101 0.00005500
2457617.61000000 1.00003299 0.00005500
2457617.63040000 1.00005419 0.00005500
2457617.65080000 1.00004439 0.00005500
2457617.67130000 1.00005159 0.00005500
2457617.69170000 0.99999230 0.00005500
2457617.73260000 0.99997470 0.00005500
2457617.75300000 1.00001320 0.00005500
2457617.77340000 1.00009669 0.00005500
2457617.79380000 0.99996041 0.00005500
2457617.81430000 0.99990311 0.00005500
2457617.83470000 0.99995411 0.00005500
2457617.85510000 1.00011318 0.00005500
2457617.87560000 0.99999410 0.00005500
2457617.89600000 0.99996670 0.00005500
2457617.91640000 0.99997650 0.00005500
2457617.93690000 1.00004249 0.00005500
2457617.95730000 1.00014468 0.00005500
2457617.97770000 0.99997180 0.00005500
2457617.99820000 0.99990651 0.00005500
2457618.01860000 0.99989111 0.00005500
2457618.03900000 0.99994991 0.00005500
2457618.05950000 0.99989831 0.00005500
2457618.07990000 0.99996400 0.00005500
2457618.10030000 1.00009269 0.00005500
2457618.12080000 1.00008479 0.00005500
2457618.14120000 0.99996360 0.00005500
2457618.16160000 1.00012649 0.00005500
2457618.18200000 1.00003000 0.00005500
2457618.22290000 1.00013779 0.00005500
2457618.24330000 1.00000160 0.00005500
2457618.26380000 0.99997210 0.00005500
2457618.28420000 1.00003880 0.00005500
2457618.30460000 0.99997210 0.00005500
2457618.32510000 0.99997460 0.00005500
2457618.34550000 0.99993540 0.00005500
2457618.36590000 0.99994140 0.00005500
2457618.38640000 0.99993740 0.00005500
2457618.40680000 0.99994540 0.00005500
2457618.42720000 0.99993610 0.00005500
2457618.46810000 1.00011549 0.00005500
2457618.48850000 1.00006170 0.00005500
2457618.50900000 0.99997120 0.00005500
2457618.52940000 1.00005890 0.00005500
2457618.54980000 0.99996590 0.00005500
2457618.57030000 0.99998790 0.00005500
2457618.59070000 0.99996810 0.00005500
2457618.61110000 1.00003130 0.00005500
2457618.63150000 1.00008720 0.00005500
2457618.65200000 0.99998780 0.00005500
2457618.67240000 1.00001840 0.00005500
2457618.71330000 0.99992594 0.00005500
2457618.73370000 1.00000290 0.00005500
2457618.75410000 0.99992977 0.00005500
2457618.77460000 0.99990931 0.00005500
2457618.79500000 1.00004450 0.00005500
2457618.81540000 0.99997350 0.00005500
2457618.83590000 0.99996456 0.00005500
2457618.85630000 1.00000390 0.00005500
2457618.87670000 1.00006710 0.00005500
2457618.89720000 0.99997090 0.00005500
2457618.91760000 1.00000750 0.00005500
2457618.95850000 1.00018579 0.00005500
2457618.97890000 1.00004820 0.00005500
2457618.99930000 0.99999350 0.00005500
2457619.01970000 1.00000210 0.00005500
2457619.04020000 0.99996436 0.00005500
2457619.06060000 1.00001940 0.00005500
2457619.08100000 0.99996148 0.00005500
2457619.10150000 1.00003130 0.00005500
2457619.12190000 0.99990207 0.00005500
2457619.14230000 0.99999300 0.00005500
2457619.16280000 0.99994352 0.00005500
2457619.20360000 1.00005940 0.00005500
2457619.22410000 1.00005210 0.00005500
2457619.24450000 1.00003510 0.00005500
2457619.26490000 1.00002490 0.00005500
2457619.28540000 0.99995860 0.00005500
2457619.30580000 0.99991929 0.00005500
2457619.32620000 0.99990367 0.00005500
2457619.34670000 0.99993266 0.00005500
2457619.36710000 0.99995510 0.00005500
2457619.38750000 1.00006340 0.00005500
2457619.40790000 1.00010319 0.00005500
2457619.46920000 1.00017249 0.00005500
2457619.48970000 0.99999280 0.00005500
2457619.51010000 0.99996200 0.00005500
2457619.53050000 0.99992055 0.00005500
2457619.55100000 1.00001730 0.00005500
2457619.57140000 0.99991019 0.00005500
2457619.59180000 1.00005300 0.00005500
2457619.61230000 1.00002960 0.00005500
2457619.63270000 1.00005340 0.00005500
2457619.65310000 1.00020439 0.00005500
2457619.67360000 1.00000660 0.00005500
2457619.69400000 0.99998830 0.00005500
2457619.71440000 0.99996230 0.00005500
2457619.73490000 0.99988584 0.00005500
2457619.75530000 0.99996610 0.00005500
2457619.77570000 0.99996670 0.00005500
2457619.79620000 0.99995610 0.00005500
2457619.81660000 0.99998360 0.00005500
2457619.83700000 0.99996950 0.00005500
2457619.85740000 0.99990740 0.00005500
2457619.87790000 0.99995230 0.00005500
2457619.89830000 1.00001360 0.00005500
2457619.93920000 0.99999810 0.00005500
2457619.95960000 1.00001860 0.00005500
2457619.98000000 0.99999770 0.00005500
2457620.00050000 1.00001930 0.00005500
2457620.02090000 0.99999170 0.00005500
2457620.04130000 0.99999440 0.00005500
2457620.06180000 1.00004620 0.00005500
2457620.08220000 0.99998490 0.00005500
2457620.10260000 0.99998120 0.00005500
2457620.12310000 1.00003100 0.00005500
2457620.14350000 0.99999640 0.00005500
2457620.18440000 1.00009039 0.00005500
2457620.20480000 1.00007019 0.00005500
2457620.22520000 1.00008309 0.00005500
2457620.24560000 1.00008999 0.00005500
2457620.26610000 1.00002130 0.00005500
2457620.28650000 1.00005370 0.00005500
2457620.30690000 0.99999800 0.00005500
2457620.32740000 1.00000110 0.00005500
2457620.34780000 0.99997610 0.00005500
2457620.36820000 0.99996940 0.00005500
2457620.38870000 0.99993410 0.00005500
2457620.42950000 1.00005280 0.00005500
2457620.45000000 0.99996030 0.00005500
2457620.47040000 0.99990238 0.00005500
2457620.49080000 1.00002480 0.00005500
2457620.51130000 0.99992391 0.00005500
2457620.53170000 0.99993561 0.00005500
2457620.55210000 0.99995440 0.00005500
2457620.57260000 0.99995650 0.00005500
2457620.59300000 0.99997640 0.00005500
2457620.61340000 0.99999350 0.00005500
2457620.63380000 1.00004510 0.00005500
2457620.67470000 1.00005199 0.00005500
2457620.69510000 1.00004290 0.00005500
2457620.71560000 0.99995480 0.00005500
2457620.73600000 0.99992911 0.00005500
2457620.75640000 1.00004899 0.00005500
2457620.77690000 1.00004150 0.00005500
2457620.79730000 0.99995960 0.00005500
2457620.81770000 0.99991191 0.00005500
2457620.83820000 0.99999910 0.00005500
2457620.85860000 0.99995531 0.00005500
2457620.87900000 0.99996040 0.00005500
2457620.91990000 0.99998220 0.00005500
2457620.94030000 1.00010699 0.00005500
2457620.96080000 0.99999160 0.00005500
2457620.98120000 1.00001230 0.00005500
2457621.00160000 0.99995461 0.00005500
2457621.02210000 1.00009009 0.00005500
2457621.04250000 1.00004829 0.00005500
2457621.06290000 1.00002280 0.00005500
2457621.08330000 1.00002700 0.00005500
2457621.10380000 1.00004199 0.00005500
2457621.12420000 0.99997030 0.00005500
2457621.16510000 1.00005029 0.00005500
2457621.18550000 1.00003809 0.00005500
2457621.20590000 0.99996180 0.00005500
2457621.22640000 1.00002080 0.00005500
2457621.24680000 1.00004649 0.00005500
2457621.26720000 1.00003050 0.00005500
2457621.28770000 1.00005319 0.00005500
2457621.30810000 1.00002580 0.00005500
2457621.32850000 1.00001210 0.00005500
2457621.34900000 1.00007059 0.00005500
2457621.36940000 1.00001910 0.00005500
2457621.43070000 0.99999530 0.00005500
2457621.45110000 0.99998290 0.00005500
2457621.47150000 1.00004520 0.00005500
2457621.49200000 0.99999890 0.00005500
2457621.51240000 1.00004850 0.00005500
2457621.53280000 0.99998350 0.00005500
2457621.57370000 0.99995700 0.00005500
2457621.59410000 1.00000850 0.00005500
2457621.61460000 0.99993169 0.00005500
2457621.63500000 0.99987024 0.00005500
2457621.65540000 0.99982181 0.00005500
2457621.67590000 1.00002950 0.00005500
2457621.69630000 0.99998213 0.00005500
2457621.71670000 0.99991625 0.00005500
2457621.73720000 0.99988655 0.00005500
2457621.75760000 0.99985517 0.00005500
2457621.77800000 0.99995208 0.00005500
2457621.79850000 0.99997179 0.00005500
2457621.81890000 0.99998507 0.00005500
2457621.83930000 1.00006532 0.00005500
2457621.85970000 1.00010470 0.00005500
2457621.90060000 0.99994113 0.00005500
2457621.92100000 0.99996916 0.00005500
2457621.94150000 1.00005477 0.00005500
2457621.96190000 1.00003717 0.00005500
2457621.98230000 1.00008476 0.00005500
2457622.00280000 1.00016629 0.00005500
2457622.02320000 0.99999260 0.00005500
2457622.04360000 0.99997243 0.00005500
2457622.06410000 0.99996389 0.00005500
2457622.08450000 1.00001250 0.00005500
2457622.10490000 0.99999407 0.00005500
2457622.14580000 0.99997360 0.00005500
2457622.16620000 0.99997435 0.00005500
2457622.18670000 1.00002856 0.00005500
2457622.20710000 0.99999985 0.00005500
2457622.22750000 1.00002730 0.00005500
2457622.24800000 0.99993735 0.00005500
2457622.26840000 1.00007675 0.00005500
2457622.28880000 0.99999692 0.00005500
2457622.30920000 1.00002764 0.00005500
2457622.32970000 1.00002181 0.00005500
2457622.35010000 0.99989621 0.00005500
2457622.37050000 0.99995498 0.00005500
2457622.39100000 1.00003593 0.00005500
2457622.41140000 1.00001356 0.00005500
2457622.43180000 1.00003122 0.00005500
2457622.45230000 1.00012996 0.00005500
2457622.47270000 1.00003825 0.00005500
2457622.49310000 1.00007870 0.00005500
2457622.51360000 1.00007024 0.00005500
2457622.53400000 1.00002184 0.00005500
2457622.55440000 1.00004416 0.00005500
2457622.57490000 0.99999142 0.00005500
2457622.59530000 0.99999151 0.00005500
2457622.63620000 0.99997142 0.00005500
2457622.65660000 0.99995261 0.00005500
2457622.67700000 0.99992997 0.00005500
2457622.69740000 0.99998299 0.00005500
2457622.71790000 0.99999029 0.00005500
2457622.73830000 1.00007056 0.00005500
2457622.75870000 1.00001730 0.00005500
2457622.77920000 1.00000721 0.00005500
2457622.79960000 1.00010330 0.00005500
2457622.82000000 1.00007733 0.00005500
2457622.88130000 0.99985737 0.00005500
2457622.90180000 0.99987854 0.00005500
2457622.92220000 0.99994612 0.00005500
2457622.94260000 0.99995984 0.00005500
2457622.96310000 0.99986658 0.00005500
2457622.98350000 1.00000521 0.00005500
2457623.00390000 1.00018073 0.00005500
2457623.02440000 1.00004620 0.00005500
2457623.04480000 0.99991722 0.00005500
2457623.06520000 0.99979727 0.00005500
2457623.08560000 1.00002391 0.00005500
2457623.12650000 1.00000089 0.00005500
2457623.14690000 0.99999363 0.00005500
2457623.16740000 1.00001130 0.00005500
2457623.18780000 0.99998781 0.00005500
2457623.20820000 1.00001711 0.00005500
2457623.22870000 0.99997899 0.00005500
2457623.24910000 1.00000362 0.00005500
2457623.26950000 1.00010431 0.00005500
2457623.29000000 1.00004330 0.00005500
2457623.31040000 1.00001071 0.00005500
2457623.33080000 0.99995572 0.00005500
2457623.37170000 1.00003109 0.00005500
2457623.39210000 0.99996038 0.00005500
2457623.41260000 0.99996358 0.00005500
2457623.43300000 1.00016155 0.00005500
2457623.49430000 1.00002609 0.00005500
2457623.51470000 0.99999293 0.00005500
2457623.53510000 0.99988109 0.00005500
2457623.55560000 0.99991919 0.00005500
2457623.57600000 0.99991845 0.00005500
2457623.61690000 1.00001070 0.00005500
2457623.63730000 0.99998253 0.00005500
2457623.65770000 0.99998527 0.00005500
2457623.67820000 1.00008570 0.00005500
2457623.69860000 1.00020621 0.00005500
2457623.71900000 1.00000818 0.00005500
2457623.73950000 1.00001545 0.00005500
2457623.75990000 0.99995127 0.00005500
2457623.78030000 0.99987332 0.00005500
2457623.80080000 0.99990658 0.00005500
2457623.82120000 0.99995192 0.00005500
2457623.86210000 1.00006707 0.00005500
2457623.88250000 1.00001837 0.00005500
2457623.90290000 0.99993812 0.00005500
2457623.92330000 1.00003207 0.00005500
2457623.94380000 0.99997287 0.00005500
2457623.96420000 0.99999590 0.00005500
2457623.98460000 1.00003258 0.00005500
2457624.00510000 1.00003143 0.00005500
2457624.02550000 1.00009930 0.00005500
2457624.04590000 1.00011168 0.00005500
2457624.10720000 1.00000595 0.00005500
2457624.12770000 1.00004242 0.00005500
2457624.14810000 1.00011463 0.00005500
2457624.16850000 0.99995892 0.00005500
2457624.18900000 1.00001386 0.00005500
2457624.20940000 0.99998716 0.00005500
2457624.22980000 0.99991852 0.00005500
2457624.25030000 1.00005377 0.00005500
2457624.27070000 1.00002021 0.00005500
2457624.29110000 0.99997560 0.00005500
2457624.31150000 0.99998262 0.00005500
2457624.33200000 0.99998719 0.00005500
2457624.35240000 0.99998009 0.00005500
2457624.37280000 1.00001797 0.00005500
2457624.39330000 0.99996139 0.00005500
2457624.41370000 0.99998675 0.00005500
2457624.43410000 1.00003947 0.00005500
2457624.45460000 0.99998159 0.00005500
2457624.47500000 1.00004645 0.00005500
2457624.49540000 1.00005060 0.00005500
2457624.51590000 0.99998259 0.00005500
2457624.53630000 0.99997126 0.00005500
2457624.55670000 0.99994777 0.00005500
2457624.59760000 0.99997787 0.00005500
2457624.61800000 0.99995634 0.00005500
2457624.63850000 1.00002979 0.00005500
2457624.65890000 0.99996939 0.00005500
2457624.67930000 0.99989881 0.00005500
2457624.69980000 0.99971279 0.00005500
2457624.72020000 0.99964833 0.00005500
2457624.74060000 0.99975022 0.00005500
2457624.76100000 0.99966954 0.00005500
2457624.78150000 0.99965150 0.00005500
2457624.80190000 0.99967218 0.00005500
2457624.84280000 0.99995282 0.00005500
2457624.86320000 0.99992815 0.00005500
2457624.88360000 0.99994471 0.00005500
2457624.90410000 1.00006129 0.00005500
2457624.92450000 0.99997179 0.00005500
2457624.94490000 0.99996351 0.00005500
2457624.96540000 0.99994429 0.00005500
2457624.98580000 0.99995386 0.00005500
2457625.00620000 0.99995702 0.00005500
2457625.02670000 0.99996946 0.00005500
2457625.04710000 0.99996288 0.00005500
2457625.08800000 0.99993934 0.00005500
2457625.10840000 0.99997540 0.00005500
2457625.12880000 1.00002790 0.00005500
2457625.14920000 0.99999250 0.00005500
2457625.16970000 1.00004300 0.00005500
2457625.19010000 0.99997960 0.00005500
2457625.21050000 0.99994290 0.00005500
2457625.23100000 1.00004830 0.00005500
2457625.25140000 1.00002370 0.00005500
2457625.27180000 1.00005380 0.00005500
2457625.29230000 1.00008889 0.00005500
2457625.33310000 1.00004380 0.00005500
2457625.35360000 1.00000100 0.00005500
2457625.37400000 1.00005500 0.00005500
2457625.39440000 1.00006589 0.00005500
2457625.41490000 1.00004270 0.00005500
2457625.43530000 1.00014449 0.00005500
2457625.45570000 0.99998410 0.00005500
2457625.47620000 0.99992031 0.00005500
2457625.49660000 0.99996430 0.00005500
2457625.51700000 0.99996440 0.00005500
2457625.53750000 1.00000560 0.00005500
2457625.57830000 0.99998280 0.00005500
2457625.59870000 1.00009899 0.00005500
2457625.61920000 1.00004889 0.00005500
2457625.63960000 1.00005529 0.00005500
2457625.66000000 1.00007649 0.00005500
2457625.68050000 1.00002950 0.00005500
2457625.70090000 1.00012698 0.00005500
2457625.72130000 0.99990851 0.00005500
2457625.74180000 0.99983085 0.00005500
2457625.76220000 0.99992431 0.00005500
2457625.78260000 1.00014898 0.00005500
2457625.80310000 1.00004969 0.00005500
2457625.82350000 1.00001700 0.00005500
2457625.84390000 0.99999710 0.00005500
2457625.86440000 1.00006889 0.00005500
2457625.88480000 0.99996590 0.00005500
2457625.90520000 0.99991741 0.00005500
2457625.92570000 0.99996031 0.00005500
2457625.94610000 0.99993721 0.00005500
2457625.96650000 0.99996070 0.00005500
2457625.98690000 0.99990971 0.00005500
2457626.00740000 0.99995891 0.00005500
2457626.02780000 0.99998960 0.00005500
2457626.06870000 0.99998410 0.00005500
2457626.08910000 0.99998740 0.00005500
2457626.10950000 1.00001620 0.00005500
2457626.13000000 1.00003700 0.00005500
2457626.15040000 0.99996800 0.00005500
2457626.17080000 0.99994801 0.00005500
2457626.19130000 1.00001550 0.00005500
2457626.21170000 0.99999680 0.00005500
2457626.23210000 0.99990241 0.00005500
2457626.25260000 0.99998200 0.00005500
2457626.27300000 1.00007039 0.00005500
2457626.31390000 0.99997750 0.00005500
2457626.33430000 0.99998170 0.00005500
2457626.35470000 1.00004480 0.00005500
2457626.37510000 0.99991331 0.00005500
2457626.39560000 0.99999730 0.00005500
2457626.41600000 0.99987042 0.00005500
2457626.43640000 1.00002680 0.00005500
2457626.45690000 1.00011309 0.00005500
2457626.47730000 1.00004889 0.00005500
2457626.49770000 1.00002860 0.00005500
2457626.51820000 0.99995660 0.00005500
2457626.55900000 1.00003790 0.00005500
2457626.57950000 0.99994471 0.00005500
2457626.59990000 1.00007529 0.00005500
2457626.62030000 0.99995101 0.00005500
2457626.64080000 0.99985937 0.00005500
2457626.66120000 1.00002750 0.00005500
2457626.68160000 1.00004120 0.00005500
2457626.70210000 1.00015008 0.00005500
2457626.72250000 1.00014878 0.00005500
2457626.74290000 1.00000340 0.00005500
2457626.76340000 1.00006129 0.00005500
2457626.80420000 0.99998570 0.00005500
2457626.84510000 0.99996310 0.00005500
2457626.86550000 0.99994731 0.00005500
2457626.88590000 0.99989401 0.00005500
2457626.90640000 0.99994981 0.00005500
2457626.92680000 1.00010708 0.00005500
2457626.94720000 1.00006279 0.00005500
2457626.96770000 1.00000660 0.00005500
2457626.98810000 1.00001620 0.00005500
2457627.00850000 0.99996241 0.00005500
2457627.04940000 1.00000310 0.00005500
2457627.06980000 1.00007489 0.00005500
2457627.09030000 1.00003279 0.00005500
2457627.11070000 1.00000990 0.00005500
2457627.13110000 1.00000620 0.00005500
2457627.15160000 0.99997180 0.00005500
2457627.17200000 1.00000590 0.00005500
2457627.19240000 1.00001890 0.00005500
2457627.23330000 1.00003489 0.00005500
2457627.25370000 0.99999980 0.00005500
2457627.29460000 0.99986223 0.00005500
2457627.31500000 0.99986213 0.00005500
2457627.33540000 0.99995891 0.00005500
2457627.35590000 0.99992951 0.00005500
2457627.37630000 0.99991912 0.00005500
2457627.39670000 1.00005309 0.00005500
2457627.41720000 1.00005239 0.00005500
2457627.43760000 1.00004159 0.00005500
2457627.45800000 1.00011028 0.00005500
2457627.47850000 0.99982154 0.00005500
2457627.49890000 0.99992661 0.00005500
2457627.51930000 0.99998740 0.00005500
2457627.53980000 1.00005589 0.00005500
2457627.56020000 1.00015397 0.00005500
2457627.58060000 1.00007369 0.00005500
2457627.60110000 1.00007918 0.00005500
2457627.62150000 0.99996561 0.00005500
2457627.64190000 1.00003579 0.00005500
2457627.66230000 0.99994811 0.00005500
2457627.68280000 0.99988362 0.00005500
2457627.70320000 1.00000060 0.00005500
2457627.72360000 1.00001160 0.00005500
2457627.74410000 1.00005859 0.00005500
2457627.78490000 0.99999900 0.00005500
2457627.86670000 1.00001070 0.00005500
2457627.88710000 1.00001900 0.00005500
2457627.90750000 1.00008768 0.00005500
2457627.92800000 1.00011398 0.00005500
2457627.94840000 0.99994711 0.00005500
2457627.96880000 1.00001140 0.00005500
2457627.98930000 0.99992051 0.00005500
2457628.03010000 0.99994041 0.00005500
2457628.05050000 1.00001660 0.00005500
2457628.07100000 1.00009378 0.00005500
2457628.09140000 0.99985382 0.00005500
2457628.11180000 1.00000530 0.00005500
2457628.13230000 1.00000520 0.00005500
2457628.15270000 0.99996141 0.00005500
2457628.17310000 1.00006869 0.00005500
2457628.19360000 0.99997880 0.00005500
2457628.21400000 0.99993131 0.00005500
2457628.23440000 0.99998060 0.00005500
2457628.27530000 1.00003389 0.00005500
2457628.29570000 0.99994481 0.00005500
2457628.31620000 0.99991191 0.00005500
2457628.33660000 0.99998800 0.00005500
2457628.35700000 0.99999010 0.00005500
2457628.37750000 1.00004219 0.00005500
2457628.39790000 0.99995911 0.00005500
2457628.41830000 0.99996561 0.00005500
2457628.43880000 1.00006539 0.00005500
2457628.45920000 0.99998340 0.00005500
2457628.47960000 1.00001080 0.00005500
2457628.52050000 1.00001340 0.00005500
2457628.54090000 1.00001370 0.00005500
2457628.56130000 1.00000600 0.00005500
2457628.58180000 1.00002480 0.00005500
2457628.60220000 1.00002810 0.00005500
2457628.62260000 1.00000520 0.00005500
2457628.64310000 1.00008479 0.00005500
2457628.66350000 0.99999660 0.00005500
2457628.68390000 1.00000270 0.00005500
2457628.70440000 1.00002340 0.00005500
2457628.72480000 1.00009259 0.00005500
2457628.76570000 0.99998900 0.00005500
2457628.78610000 1.00001670 0.00005500
2457628.80650000 1.00000890 0.00005500
2457628.82700000 0.99992181 0.00005500
2457628.84740000 1.00008099 0.00005500
2457628.86780000 1.00000810 0.00005500
2457628.88820000 0.99997580 0.00005500
2457628.90870000 0.99998600 0.00005500
2457628.92910000 0.99997640 0.00005500
2457628.94950000 1.00006879 0.00005500
2457628.97000000 1.00001810 0.00005500
2457629.01080000 0.99999960 0.00005500
2457629.03130000 0.99998070 0.00005500
2457629.05170000 1.00001940 0.00005500
2457629.07210000 0.99993841 0.00005500
2457629.09260000 1.00000380 0.00005500
2457629.11300000 0.99995911 0.00005500
2457629.13340000 0.99998000 0.00005500
2457629.15390000 0.99998070 0.00005500
2457629.17430000 1.00002500 0.00005500
2457629.19470000 0.99998140 0.00005500
2457629.21520000 1.00010128 0.00005500
2457629.27640000 0.99990471 0.00005500
2457629.29690000 0.99997870 0.00005500
2457629.31730000 0.99993271 0.00005500
2457629.33770000 0.99996381 0.00005500
2457629.35820000 0.99998090 0.00005500
2457629.37860000 1.00003329 0.00005500
2457629.39900000 0.99998690 0.00005500
2457629.41950000 0.99999850 0.00005500
2457629.43990000 0.99994581 0.00005500
2457629.46030000 0.99997800 0.00005500
2457629.50120000 1.00004689 0.00005500
2457629.52160000 0.99988652 0.00005500
2457629.54210000 0.99998480 0.00005500
2457629.56250000 1.00007829 0.00005500
2457629.58290000 0.99997880 0.00005500
2457629.60340000 1.00003309 0.00005500
2457629.62380000 0.99996071 0.00005500
2457629.64420000 0.99996161 0.00005500
2457629.66470000 1.00001200 0.00005500
2457629.68510000 1.00000380 0.00005500
2457629.70550000 1.00006899 0.00005500
2457629.74640000 0.99994741 0.00005500
2457629.76680000 1.00001830 0.00005500
2457629.78720000 1.00003409 0.00005500
2457629.80770000 1.00002660 0.00005500
2457629.82810000 0.99996811 0.00005500
2457629.84850000 0.99999570 0.00005500
2457629.86900000 1.00004009 0.00005500
2457629.88940000 1.00003349 0.00005500
2457629.90980000 1.00003059 0.00005500
2457629.93030000 0.99999420 0.00005500
2457629.95070000 1.00001650 0.00005500
2457629.99160000 0.99996661 0.00005500
2457630.01200000 1.00006229 0.00005500
2457630.03240000 0.99997680 0.00005500
2457630.05290000 0.99995581 0.00005500
2457630.07330000 1.00003099 0.00005500
2457630.09370000 0.99999200 0.00005500
2457630.11410000 1.00004519 0.00005500
2457630.13460000 1.00000220 0.00005500
2457630.15500000 1.00005709 0.00005500
2457630.17540000 1.00006069 0.00005500
2457630.19590000 1.00000230 0.00005500
2457630.23670000 1.00001680 0.00005500
2457630.25720000 0.99995251 0.00005500
2457630.27760000 1.00002599 0.00005500
2457630.29800000 1.00000850 0.00005500
2457630.31850000 1.00007848 0.00005500
2457630.33890000 1.00003149 0.00005500
2457630.35930000 1.00001990 0.00005500
2457630.37980000 0.99999390 0.00005500
2457630.40020000 0.99996061 0.00005500
2457630.42060000 1.00006449 0.00005500
2457630.44110000 0.99996161 0.00005500
2457630.48190000 0.99997241 0.00005500
2457630.50240000 0.99992941 0.00005500
2457630.52280000 1.00003439 0.00005500
2457630.54320000 0.99997211 0.00005500
2457630.56360000 0.99998900 0.00005500
2457630.58410000 1.00001540 0.00005500
2457630.60450000 1.00000380 0.00005500
2457630.62490000 0.99999400 0.00005500
2457630.64540000 0.99994941 0.00005500
2457630.66580000 0.99987473 0.00005500
2457630.68620000 1.00000030 0.00005500
2457630.72710000 1.00002919 0.00005500
2457630.74750000 0.99987412 0.00005500
2457630.76800000 0.99997660 0.00005500
2457630.78840000 1.00001520 0.00005500
2457630.80880000 1.00000750 0.00005500
2457630.82930000 0.99999690 0.00005500
2457630.84970000 0.99997670 0.00005500
2457630.87010000 0.99995351 0.00005500
2457630.89060000 0.99996541 0.00005500
2457630.91100000 1.00000590 0.00005500
2457630.93140000 1.00000060 0.00005500
2457630.97230000 1.00013488 0.00005500
2457630.99270000 0.99998480 0.00005500
2457631.01310000 0.99996131 0.00005500
2457631.03360000 0.99998460 0.00005500
2457631.05400000 1.00002610 0.00005500
2457631.07440000 1.00001790 0.00005500
2457631.09490000 0.99998760 0.00005500
2457631.11530000 0.99988672 0.00005500
2457631.13570000 0.99996151 0.00005500
2457631.15620000 1.00008429 0.00005500
2457631.17660000 1.00011228 0.00005500
2457631.21750000 0.99993341 0.00005500
2457631.23790000 1.00004099 0.00005500
2457631.25830000 1.00002820 0.00005500
2457631.27880000 1.00008868 0.00005500
2457631.29920000 0.99999900 0.00005500
2457631.31960000 1.00005309 0.00005500
2457631.34010000 0.99999990 0.00005500
2457631.36050000 1.00001110 0.00005500
2457631.38090000 1.00005939 0.00005500
2457631.40130000 0.99994771 0.00005500
2457631.42180000 0.99999710 0.00005500
2457631.46260000 0.99996751 0.00005500
2457631.48310000 1.00000720 0.00005500
2457631.50350000 1.00000940 0.00005500
2457631.52390000 1.00004639 0.00005500
2457631.54440000 1.00002719 0.00005500
2457631.56480000 0.99994771 0.00005500
2457631.58520000 0.99999320 0.00005500
2457631.60570000 0.99999780 0.00005500
2457631.62610000 1.00002240 0.00005500
2457631.64650000 0.99998860 0.00005500
2457631.66700000 1.00003009 0.00005500
2457631.70780000 0.99999430 0.00005500
2457631.72830000 1.00003269 0.00005500
2457631.74870000 0.99994701 0.00005500
2457631.76910000 0.99999190 0.00005500
2457631.78960000 0.99999090 0.00005500
2457631.81000000 0.99992812 0.00005500
2457631.83040000 0.99998790 0.00005500
2457631.85080000 1.00002499 0.00005500
2457631.87130000 1.00000300 0.00005500
2457631.89170000 0.99999230 0.00005500
2457631.91210000 1.00000040 0.00005500
2457631.95300000 0.99998750 0.00005500
2457631.97340000 0.99996301 0.00005500
2457631.99390000 0.99994141 0.00005500
2457632.01430000 0.99995011 0.00005500
2457632.03470000 0.99993701 0.00005500
2457632.05520000 1.00002669 0.00005500
2457632.07560000 1.00008718 0.00005500
2457632.09600000 0.99969306 0.00005500
2457632.11650000 0.99909294 0.00005500
2457632.13690000 0.99904281 0.00005500
2457632.15730000 0.99894472 0.00005500
2457632.19820000 0.99895738 0.00005500
2457632.21860000 0.99895111 0.00005500
2457632.23900000 0.99899459 0.00005500
2457632.25950000 0.99905479 0.00005500
2457632.27990000 0.99953576 0.00005500
2457632.30030000 0.99991392 0.00005500
2457632.32080000 0.99995781 0.00005500
2457632.34120000 1.00002279 0.00005500
2457632.38210000 1.00008048 0.00005500
2457632.40250000 1.00004069 0.00005500
2457632.44340000 1.00005049 0.00005500
2457632.46380000 1.00004259 0.00005500
2457632.48420000 0.99999380 0.00005500
2457632.50470000 0.99992382 0.00005500
2457632.52510000 1.00002299 0.00005500
2457632.54550000 1.00002899 0.00005500
2457632.56600000 0.99998200 0.00005500
2457632.58640000 0.99998630 0.00005500
2457632.60680000 0.99995241 0.00005500
2457632.62730000 1.00001160 0.00005500
2457632.64770000 1.00004399 0.00005500
2457632.68850000 1.00011777 0.00005500
2457632.70900000 1.00003949 0.00005500
2457632.72940000 1.00008968 0.00005500
2457632.74980000 1.00004989 0.00005500
2457632.77030000 1.00005539 0.00005500
2457632.79070000 0.99997841 0.00005500
2457632.81110000 1.00000230 0.00005500
2457632.83160000 0.99993082 0.00005500
2457632.85200000 0.99989683 0.00005500
2457632.87240000 1.00001160 0.00005500
2457632.89290000 0.99993842 0.00005500
2457632.93370000 0.99999780 0.00005500
2457632.95420000 1.00002629 0.00005500
2457632.97460000 0.99998530 0.00005500
2457632.99500000 0.99995661 0.00005500
2457633.01550000 0.99993362 0.00005500
2457633.03590000 0.99994652 0.00005500
2457633.05630000 0.99995881 0.00005500
2457633.07670000 0.99999060 0.00005500
2457633.11760000 1.00004938 0.00005500
2457633.13800000 0.99996201 0.00005500
2457633.17890000 0.99997141 0.00005500
2457633.19930000 0.99991523 0.00005500
2457633.21980000 0.99998630 0.00005500
2457633.24020000 1.00000270 0.00005500
2457633.26060000 1.00002989 0.00005500
2457633.28110000 1.00000740 0.00005500
2457633.30150000 0.99998650 0.00005500
2457633.32190000 1.00004299 0.00005500
2457633.34240000 0.99997991 0.00005500
2457633.36280000 1.00000220 0.00005500
2457633.38320000 0.99994992 0.00005500
2457633.42410000 1.00002679 0.00005500
2457633.44450000 1.00002199 0.00005500
2457633.46500000 1.00000140 0.00005500
2457633.48540000 1.00002229 0.00005500
2457633.50580000 1.00000490 0.00005500
2457633.52620000 1.00001000 0.00005500
2457633.54670000 1.00004938 0.00005500
2457633.56710000 1.00006928 0.00005500
2457633.58750000 1.00004019 0.00005500
2457633.60800000 0.99997711 0.00005500
2457633.62840000 0.99999680 0.00005500
2457633.66930000 1.00000150 0.00005500
2457633.68970000 1.00005428 0.00005500
2457633.71010000 0.99999810 0.00005500
2457633.73060000 0.99997321 0.00005500
2457633.75100000 1.00000470 0.00005500
2457633.77140000 1.00001849 0.00005500
2457633.79190000 1.00001719 0.00005500
2457633.81230000 0.99997861 0.00005500
2457633.83270000 1.00001050 0.00005500
2457633.85320000 0.99995691 0.00005500
2457633.87360000 1.00005428 0.00005500
2457633.91440000 0.99998950 0.00005500
2457633.93490000 1.00008897 0.00005500
2457633.95530000 0.99997061 0.00005500
2457633.97570000 1.00002199 0.00005500
2457633.99620000 1.00000540 0.00005500
2457634.01660000 0.99996701 0.00005500
2457634.03700000 1.00001000 0.00005500
2457634.05750000 0.99992232 0.00005500
2457634.07790000 1.00001620 0.00005500
2457634.09830000 0.99995181 0.00005500
2457634.11880000 0.99998630 0.00005500
2457634.15960000 1.00004969 0.00005500
2457634.20050000 0.99993152 0.00005500
2457634.22090000 1.00011877 0.00005500
2457634.24140000 0.99979516 0.00005500
2457634.26180000 0.99971902 0.00005500
2457634.28220000 0.99964634 0.00005500
2457634.30270000 0.99959441 0.00005500
2457634.32310000 0.99967090 0.00005500
2457634.34350000 0.99958648 0.00005500
2457634.36390000 0.99962568 0.00005500
2457634.40480000 1.00007518 0.00005500
2457634.42520000 1.00003479 0.00005500
2457634.44570000 0.99993442 0.00005500
2457634.46610000 1.00003959 0.00005500
2457634.48650000 0.99990662 0.00005500
2457634.50700000 1.00002679 0.00005500
2457634.52740000 0.99998230 0.00005500
2457634.54780000 0.99994252 0.00005500
2457634.56830000 0.99994761 0.00005500
2457634.58870000 1.00000450 0.00005500
2457634.60910000 0.99996021 0.00005500
2457634.65000000 0.99999790 0.00005500
2457634.67040000 1.00003879 0.00005500
2457634.69090000 1.00006528 0.00005500
2457634.71130000 1.00005848 0.00005500
2457634.73170000 1.00007408 0.00005500
2457634.75220000 1.00003369 0.00005500
2457634.77260000 1.00000100 0.00005500
2457634.79300000 0.99999870 0.00005500
2457634.81340000 1.00007448 0.00005500
2457634.83390000 1.00006468 0.00005500
2457634.85430000 1.00004809 0.00005500
2457634.89520000 1.00003429 0.00005500
2457634.91560000 0.99997281 0.00005500
2457634.93600000 1.00005538 0.00005500
2457634.95650000 0.99999970 0.00005500
2457634.97690000 1.00004689 0.00005500
2457634.99730000 0.99994971 0.00005500
2457635.01780000 0.99998470 0.00005500
2457635.03820000 0.99994991 0.00005500
2457635.05860000 0.99995291 0.00005500
2457635.07910000 1.00001190 0.00005500
2457635.09950000 1.00004139 0.00005500
2457635.14040000 1.00005388 0.00005500
2457635.16080000 1.00002739 0.00005500
2457635.18120000 0.99996811 0.00005500
2457635.20160000 0.99991123 0.00005500
2457635.22210000 0.99998171 0.00005500
2457635.24250000 0.99991213 0.00005500
2457635.26290000 0.99998940 0.00005500
2457635.28340000 0.99997561 0.00005500
2457635.30380000 0.99995831 0.00005500
2457635.32420000 0.99992702 0.00005500
2457635.34470000 0.99996541 0.00005500
2457635.38550000 0.99998850 0.00005500
2457635.40600000 1.00012726 0.00005500
2457635.42640000 0.99992752 0.00005500
2457635.44680000 1.00002659 0.00005500
2457635.46730000 0.99997601 0.00005500
2457635.48770000 0.99999270 0.00005500
2457635.50810000 0.99997661 0.00005500
2457635.52860000 0.99995391 0.00005500
2457635.54900000 0.99994712 0.00005500
2457635.56940000 0.99994872 0.00005500
2457635.58990000 1.00006828 0.00005500
2457635.63070000 1.00007767 0.00005500
2457635.65110000 0.99998550 0.00005500
2457635.67160000 1.00002089 0.00005500
2457635.69200000 1.00003229 0.00005500
2457635.71240000 0.99999850 0.00005500
2457635.73290000 0.99993422 0.00005500
2457635.75330000 0.99993922 0.00005500
2457635.77370000 1.00010507 0.00005500
2457635.79420000 1.00000570 0.00005500
2457635.81460000 1.00010936 0.00005500
2457635.83500000 1.00009077 0.00005500
2457635.85550000 0.99999510 0.00005500
2457635.87590000 0.99995222 0.00005500
2457635.89630000 0.99994712 0.00005500
2457635.91680000 1.00004878 0.00005500
2457635.93720000 0.99992792 0.00005500
2457635.95760000 0.99998890 0.00005500
2457635.97810000 1.00002649 0.00005500
2457635.99850000 1.00008907 0.00005500
2457636.01890000 1.00011546 0.00005500
2457636.03940000 1.00006628 0.00005500
2457636.05980000 1.00003579 0.00005500
2457636.08020000 1.00001939 0.00005500
2457636.12110000 0.99993842 0.00005500
2457636.14150000 0.99997181 0.00005500
2457636.16190000 1.00000770 0.00005500
2457636.18240000 0.99994002 0.00005500
2457636.20280000 0.99998610 0.00005500
2457636.22320000 0.99998750 0.00005500
2457636.24370000 0.99999580 0.00005500
2457636.26410000 0.99992173 0.00005500
2457636.28450000 1.00004408 0.00005500
2457636.30500000 0.99993362 0.00005500
2457636.32540000 0.99994072 0.00005500
2457636.36630000 0.99992743 0.00005500
2457636.38670000 0.99999910 0.00005500
2457636.40710000 0.99998081 0.00005500
2457636.42760000 1.00001739 0.00005500
2457636.44800000 0.99992363 0.00005500
2457636.46840000 1.00002629 0.00005500
2457636.48880000 1.00001479 0.00005500
2457636.50930000 1.00009157 0.00005500
2457636.52970000 0.99997891 0.00005500
2457636.55010000 0.99997221 0.00005500
2457636.57060000 1.00002249 0.00005500
2457636.61140000 1.00001519 0.00005500
2457636.63190000 0.99995432 0.00005500
2457636.65230000 0.99999720 0.00005500
2457636.67270000 1.00000930 0.00005500
2457636.69320000 1.00006977 0.00005500
2457636.71360000 1.00001649 0.00005500
2457636.73400000 1.00002449 0.00005500
2457636.75450000 0.99996431 0.00005500
2457636.77490000 1.00003729 0.00005500
2457636.79530000 1.00003759 0.00005500
2457636.81580000 0.99993342 0.00005500
2457636.85660000 0.99994682 0.00005500
2457636.87710000 1.00000580 0.00005500
2457636.89750000 1.00003279 0.00005500
2457636.91790000 0.99995931 0.00005500
2457636.93830000 0.99999950 0.00005500
2457636.95880000 1.00000000 0.00005500
2457636.97920000 1.00002169 0.00005500
2457636.99960000 1.00005728 0.00005500
2457637.02010000 1.00011136 0.00005500
2457637.04050000 1.00000090 0.00005500
2457637.06090000 0.99997391 0.00005500
2457637.10180000 1.00004468 0.00005500
2457637.12220000 0.99997001 0.00005500
2457637.14270000 0.99993782 0.00005500
2457637.16310000 1.00002959 0.00005500
2457637.18350000 0.99996861 0.00005500
2457637.20400000 1.00007577 0.00005500
2457637.22440000 0.99996691 0.00005500
2457637.24480000 0.99997691 0.00005500
2457637.26530000 0.99993142 0.00005500
2457637.28570000 1.00001619 0.00005500
2457637.30610000 1.00000110 0.00005500
2457637.32660000 0.99998351 0.00005500
2457637.34700000 1.00001240 0.00005500
2457637.36740000 0.99993342 0.00005500
2457637.38780000 1.00014665 0.00005500
2457637.40830000 1.00004688 0.00005500
2457637.42870000 1.00009637 0.00005500
2457637.44910000 0.99998490 0.00005500
2457637.46960000 0.99991893 0.00005500
2457637.49000000 0.99996041 0.00005500
2457637.51040000 0.99990183 0.00005500
2457637.53090000 1.00003619 0.00005500
2457637.55130000 0.99997451 0.00005500
2457637.59220000 0.99997101 0.00005500
2457637.61260000 1.00002999 0.00005500
2457637.63300000 1.00001969 0.00005500
2457637.65350000 0.99991123 0.00005500
2457637.67390000 1.00015076 0.00005500
2457637.69430000 1.00004429 0.00005500
2457637.71480000 1.00010437 0.00005500
2457637.73520000 0.99996441 0.00005500
2457637.75560000 0.99991662 0.00005500
2457637.77610000 0.99992972 0.00005500
2457637.79650000 1.00000750 0.00005500
2457637.83730000 0.99988393 0.00005500
2457637.85780000 1.00011327 0.00005500
2457637.87820000 1.00001530 0.00005500
2457637.89860000 1.00002039 0.00005500
2457637.91910000 0.99993762 0.00005500
2457637.93950000 0.99995191 0.00005500
2457637.95990000 0.99989513 0.00005500
2457637.98040000 0.99993901 0.00005500
2457638.00080000 0.99996141 0.00005500
2457638.02120000 0.99994741 0.00005500
2457638.04170000 1.00005199 0.00005500
2457638.08250000 1.00002949 0.00005500
2457638.10300000 0.99990432 0.00005500
2457638.12340000 0.99997361 0.00005500
2457638.14380000 0.99989332 0.00005500
2457638.16430000 0.99994001 0.00005500
2457638.18470000 1.00003629 0.00005500
2457638.20510000 0.99997671 0.00005500
2457638.22560000 1.00007458 0.00005500
2457638.24600000 1.00004049 0.00005500
2457638.26640000 1.00011907 0.00005500
2457638.28680000 1.00007308 0.00005500
2457638.32770000 1.00008298 0.00005500
2457638.34810000 1.00003769 0.00005500
2457638.36860000 1.00008988 0.00005500
2457638.38900000 1.00002060 0.00005500
2457638.40940000 1.00010548 0.00005500
2457638.42990000 1.00001980 0.00005500
2457638.45030000 1.00010628 0.00005500
2457638.47070000 1.00007708 0.00005500
2457638.49120000 0.99995341 0.00005500
2457638.51160000 0.99994621 0.00005500
2457638.53200000 0.99991102 0.00005500
2457638.57290000 1.00004959 0.00005500
2457638.59330000 1.00005169 0.00005500
2457638.61380000 0.99999570 0.00005500
2457638.63420000 0.99997081 0.00005500
2457638.65460000 0.99997421 0.00005500
2457638.67500000 1.00000430 0.00005500
2457638.69550000 0.99998610 0.00005500
2457638.71590000 1.00000930 0.00005500
2457638.73630000 1.00004919 0.00005500
2457638.75680000 0.99995591 0.00005500
2457638.77720000 0.99994861 0.00005500
2457638.81810000 0.99990842 0.00005500
2457638.83850000 1.00002070 0.00005500
2457638.85890000 0.99996891 0.00005500
2457638.87940000 1.00003539 0.00005500
2457638.89980000 0.99999290 0.00005500
2457638.92020000 1.00006079 0.00005500
2457638.94070000 0.99995921 0.00005500
2457638.96110000 0.99994001 0.00005500
2457638.98150000 0.99996901 0.00005500
2457639.00200000 1.00001060 0.00005500
2457639.02240000 0.99998410 0.00005500
2457639.06330000 0.99996940 0.00005500
2457639.08370000 0.99992411 0.00005500
2457639.10410000 0.99999510 0.00005500
2457639.12450000 0.99995381 0.00005500
2457639.14500000 1.00006789 0.00005500
2457639.16540000 0.99998090 0.00005500
2457639.18580000 0.99992461 0.00005500
2457639.20630000 0.99987742 0.00005500
2457639.22670000 0.99990051 0.00005500
2457639.24710000 1.00004899 0.00005500
2457639.26760000 0.99996720 0.00005500
2457639.28800000 1.00005079 0.00005500
2457639.30840000 0.99998860 0.00005500
2457639.32890000 0.99997990 0.00005500
2457639.34930000 0.99997630 0.00005500
2457639.36970000 1.00002740 0.00005500
2457639.39020000 1.00002870 0.00005500
2457639.41060000 1.00005119 0.00005500
2457639.43100000 1.00005219 0.00005500
2457639.45150000 1.00005379 0.00005500
2457639.47190000 1.00006319 0.00005500
2457639.49230000 1.00000770 0.00005500
2457639.51280000 1.00003000 0.00005500
2457639.55360000 1.00004529 0.00005500
2457639.57400000 1.00005549 0.00005500
2457639.59450000 1.00002250 0.00005500
2457639.61490000 1.00009099 0.00005500
2457639.63530000 1.00006979 0.00005500
2457639.65580000 1.00005769 0.00005500
2457639.67620000 1.00003269 0.00005500
2457639.69660000 1.00008139 0.00005500
2457639.71710000 1.00002160 0.00005500
2457639.73750000 0.99998360 0.00005500
2457639.75790000 0.99998350 0.00005500
2457639.79880000 1.00001760 0.00005500
2457639.81920000 0.99996591 0.00005500
2457639.83970000 0.99999510 0.00005500
2457639.86010000 0.99996941 0.00005500
2457639.88050000 0.99996851 0.00005500
2457639.90100000 0.99996181 0.00005500
2457639.92140000 0.99997101 0.00005500
2457639.94180000 0.99995271 0.00005500
2457639.96230000 0.99995211 0.00005500
2457639.98270000 1.00001570 0.00005500
2457640.00310000 0.99995251 0.00005500
2457640.04400000 0.99993682 0.00005500
2457640.06440000 0.99992362 0.00005500
2457640.08480000 0.99997161 0.00005500
2457640.10530000 0.99987673 0.00005500
2457640.12570000 1.00000380 0.00005500
2457640.14610000 0.99990613 0.00005500
2457640.16660000 0.99996131 0.00005500
2457640.18700000 0.99996111 0.00005500
2457640.20740000 0.99995771 0.00005500
2457640.22790000 0.99997231 0.00005500
2457640.24830000 1.00000090 0.00005500
2457640.28920000 1.00003389 0.00005500
2457640.30960000 1.00002519 0.00005500
2457640.33000000 0.99994262 0.00005500
2457640.35050000 1.00006898 0.00005500
2457640.37090000 1.00000450 0.00005500
2457640.39130000 1.00007068 0.00005500
2457640.41180000 1.00005348 0.00005500
2457640.43220000 0.99999570 0.00005500
2457640.45260000 1.00003149 0.00005500
2457640.47300000 1.00006448 0.00005500
2457640.49350000 0.99998850 0.00005500
2457640.53430000 0.99995991 0.00005500
2457640.55480000 0.99993902 0.00005500
2457640.57520000 0.99996581 0.00005500
2457640.59560000 0.99999230 0.00005500
2457640.61610000 1.00002179 0.00005500
2457640.63650000 1.00012186 0.00005500
2457640.65690000 1.00007457 0.00005500
2457640.67740000 1.00006118 0.00005500
2457640.69780000 1.00002439 0.00005500
2457640.71820000 1.00004418 0.00005500
2457640.73870000 0.99996581 0.00005500
2457640.77950000 1.00008127 0.00005500
2457640.80000000 1.00005588 0.00005500
2457640.82040000 0.99999600 0.00005500
2457640.84080000 1.00000670 0.00005500
2457640.86130000 1.00002549 0.00005500
2457640.88170000 1.00002529 0.00005500
2457640.90210000 1.00003849 0.00005500
2457640.92250000 1.00001839 0.00005500
2457640.94300000 0.99998760 0.00005500
2457640.96340000 0.99996841 0.00005500
2457640.98380000 1.00002129 0.00005500
2457641.02470000 1.00002919 0.00005500
2457641.04510000 1.00006168 0.00005500
2457641.06560000 0.99993242 0.00005500
2457641.08600000 1.00008807 0.00005500
2457641.10640000 1.00005728 0.00005500
2457641.12690000 1.00004648 0.00005500
2457641.14730000 0.99996341 0.00005500
2457641.16770000 0.99994892 0.00005500
2457641.18820000 0.99996691 0.00005500
2457641.20860000 0.99996341 0.00005500
2457641.22900000 0.99997371 0.00005500
2457641.26990000 0.99996661 0.00005500
2457641.29030000 0.99997811 0.00005500
2457641.31080000 1.00002799 0.00005500
2457641.33120000 1.00000450 0.00005500
2457641.35160000 1.00003419 0.00005500
2457641.37200000 0.99994732 0.00005500
2457641.39250000 0.99994252 0.00005500
2457641.41290000 0.99985515 0.00005500
2457641.43330000 0.99989374 0.00005500
2457641.45380000 0.99992573 0.00005500
2457641.47420000 0.99987775 0.00005500
2457641.53550000 1.00000970 0.00005500
2457641.55590000 0.99995962 0.00005500
2457641.57640000 1.00006198 0.00005500
2457641.59680000 1.00002699 0.00005500
2457641.61720000 0.99993902 0.00005500
2457641.63770000 0.99980128 0.00005500
2457641.65810000 0.99994322 0.00005500
2457641.69900000 1.00009366 0.00005500
2457641.71940000 1.00012625 0.00005500
2457641.73980000 1.00004448 0.00005500
2457641.76030000 1.00000380 0.00005500
2457641.78070000 1.00005148 0.00005500
2457641.80110000 0.99995302 0.00005500
2457641.82150000 0.99999010 0.00005500
2457641.84200000 0.99996281 0.00005500
2457641.86240000 0.99986285 0.00005500
2457641.88280000 0.99993772 0.00005500
2457641.90330000 1.00001889 0.00005500
2457641.92370000 1.00010186 0.00005500
2457641.94410000 1.00001709 0.00005500
2457641.96460000 1.00005998 0.00005500
2457642.00540000 1.00000380 0.00005500
2457642.02590000 0.99999380 0.00005500
2457642.04630000 1.00006428 0.00005500
2457642.06670000 1.00004438 0.00005500
2457642.08720000 1.00017114 0.00005500
2457642.10760000 1.00001549 0.00005500
2457642.12800000 0.99999980 0.00005500
2457642.14850000 0.99994862 0.00005500
2457642.16890000 1.00006798 0.00005500
2457642.18930000 1.00007058 0.00005500
2457642.20980000 1.00005548 0.00005500
2457642.23020000 1.00002049 0.00005500
2457642.25060000 0.99992342 0.00005500
2457642.27100000 0.99998750 0.00005500
2457642.29150000 0.99995701 0.00005500
2457642.31190000 1.00002419 0.00005500
2457642.33230000 1.00004849 0.00005500
2457642.35280000 1.00005478 0.00005500
2457642.37320000 1.00007678 0.00005500
2457642.39360000 1.00008028 0.00005500
2457642.41410000 1.00008608 0.00005500
2457642.43450000 0.99996421 0.00005500
2457642.45490000 0.99996441 0.00005500
2457642.49580000 1.00001820 0.00005500
2457642.51620000 0.99999090 0.00005500
2457642.53670000 1.00000470 0.00005500
2457642.55710000 1.00005718 0.00005500
2457642.57750000 1.00003939 0.00005500
2457642.59800000 1.00003189 0.00005500
2457642.61840000 1.00003169 0.00005500
2457642.63880000 0.99999890 0.00005500
2457642.65930000 0.99992512 0.00005500
2457642.67970000 0.99992542 0.00005500
2457642.70010000 0.99990213 0.00005500
2457642.74100000 0.99997181 0.00005500
2457642.76140000 0.99995331 0.00005500
2457642.78180000 0.99995511 0.00005500
2457642.80230000 1.00002449 0.00005500
2457642.82270000 1.00001300 0.00005500
2457642.84310000 0.99999320 0.00005500
2457642.86360000 0.99989503 0.00005500
2457642.88400000 0.99986384 0.00005500
2457642.90440000 0.99998251 0.00005500
2457642.92490000 0.99995352 0.00005500
2457642.94530000 0.99995172 0.00005500
2457643.00660000 0.99996371 0.00005500
2457643.02700000 1.00006908 0.00005500
2457643.04750000 0.99995092 0.00005500
2457643.06790000 1.00000390 0.00005500
2457643.08830000 1.00002519 0.00005500
2457643.10880000 0.99998770 0.00005500
2457643.12920000 1.00000200 0.00005500
2457643.14960000 0.99996271 0.00005500
2457643.17000000 1.00005478 0.00005500
2457643.19050000 0.99988754 0.00005500
2457643.21090000 1.00001369 0.00005500
2457643.23130000 0.99995362 0.00005500
2457643.25180000 0.99991663 0.00005500
2457643.27220000 0.99996451 0.00005500
2457643.29260000 0.99995062 0.00005500
2457643.31310000 0.99993823 0.00005500
2457643.33350000 0.99998011 0.00005500
2457643.35390000 1.00012085 0.00005500
2457643.37440000 1.00008037 0.00005500
2457643.41520000 1.00008497 0.00005500
2457643.45610000 0.99999700 0.00005500
2457643.47650000 1.00005668 0.00005500
2457643.49700000 0.99997611 0.00005500
2457643.51740000 0.99998701 0.00005500
2457643.53780000 1.00006757 0.00005500
2457643.55830000 1.00004098 0.00005500
2457643.57870000 1.00008887 0.00005500
2457643.59910000 1.00008297 0.00005500
2457643.61950000 1.00010656 0.00005500
2457643.64000000 1.00011116 0.00005500
2457643.66040000 1.00008117 0.00005500
2457643.68080000 1.00009217 0.00005500
2457643.72170000 0.99997461 0.00005500
2457643.74210000 0.99996111 0.00005500
2457643.76260000 0.99997671 0.00005500
2457643.78300000 0.99993752 0.00005500
2457643.80340000 0.99985795 0.00005500
2457643.82390000 0.99965177 0.00005500
2457643.84430000 0.99974719 0.00005500
2457643.86470000 0.99958526 0.00005500
2457643.88520000 0.99960232 0.00005500
2457643.90560000 0.99957593 0.00005500
2457643.92600000 0.99969730 0.00005500
2457643.96690000 0.99992582 0.00005500
2457643.98730000 0.99993732 0.00005500
2457644.00780000 1.00002289 0.00005500
2457644.02820000 1.00008977 0.00005500
2457644.04860000 0.99992512 0.00005500
2457644.06900000 0.99999900 0.00005500
2457644.08950000 0.99994782 0.00005500
2457644.10990000 0.99997871 0.00005500
2457644.13030000 0.99989583 0.00005500
2457644.15080000 1.00000610 0.00005500
2457644.17120000 0.99996131 0.00005500
2457644.21210000 1.00007767 0.00005500
2457644.23250000 0.99993162 0.00005500
2457644.25290000 1.00011596 0.00005500
2457644.27340000 0.99996571 0.00005500
2457644.29380000 1.00000100 0.00005500
2457644.31420000 0.99994212 0.00005500
2457644.33470000 1.00002929 0.00005500
2457644.35510000 0.99993252 0.00005500
2457644.37550000 1.00003979 0.00005500
2457644.39600000 0.99994922 0.00005500
2457644.41640000 1.00000070 0.00005500
2457644.43680000 1.00003519 0.00005500
2457644.45730000 0.99991343 0.00005500
2457644.47770000 0.99998711 0.00005500
2457644.49810000 0.99994662 0.00005500
2457644.51850000 1.00000620 0.00005500
2457644.53900000 1.00000710 0.00005500
2457644.55940000 1.00005828 0.00005500
2457644.57980000 0.99998271 0.00005500
2457644.60030000 1.00002149 0.00005500
2457644.62070000 1.00000870 0.00005500
2457644.64110000 0.99993963 0.00005500
2457644.66160000 1.00010255 0.00005500
2457644.70240000 1.00004458 0.00005500
2457644.72290000 1.00007667 0.00005500
2457644.74330000 1.00006117 0.00005500
2457644.76370000 1.00000300 0.00005500
2457644.78420000 1.00001249 0.00005500
2457644.80460000 1.00000810 0.00005500
2457644.82500000 0.99999390 0.00005500
2457644.84550000 0.99999730 0.00005500
2457644.86590000 0.99999170 0.00005500
2457644.88630000 1.00002359 0.00005500
2457644.90680000 1.00002139 0.00005500
2457644.94760000 0.99999910 0.00005500
2457644.96810000 1.00006797 0.00005500
2457644.98850000 0.99999190 0.00005500
2457645.00890000 1.00006967 0.00005500
2457645.02930000 0.99996752 0.00005500
2457645.04980000 0.99998901 0.00005500
2457645.07020000 0.99996762 0.00005500
2457645.09060000 0.99996772 0.00005500
2457645.11110000 1.00000310 0.00005500
2457645.13150000 0.99993473 0.00005500
2457645.15190000 1.00000140 0.00005500
2457645.19280000 1.00003618 0.00005500
2457645.21320000 0.99994223 0.00005500
2457645.23370000 0.99998691 0.00005500
2457645.25410000 0.99998101 0.00005500
2457645.27450000 0.99996752 0.00005500
2457645.29500000 1.00003828 0.00005500
2457645.31540000 0.99992414 0.00005500
2457645.33580000 1.00001789 0.00005500
2457645.35630000 0.99994183 0.00005500
2457645.37670000 1.00007546 0.00005500
2457645.39710000 1.00009076 0.00005500
2457645.41760000 1.00001809 0.00005500
2457645.43800000 0.99989645 0.00005500
2457645.45840000 0.99996032 0.00005500
2457645.47880000 0.99999390 0.00005500
2457645.49930000 0.99989715 0.00005500
2457645.51970000 0.99991884 0.00005500
2457645.54010000 0.99991834 0.00005500
2457645.56060000 0.99996981 0.00005500
2457645.58100000 0.99996642 0.00005500
2457645.60140000 1.00000910 0.00005500
2457645.62190000 1.00005777 0.00005500
2457645.64230000 1.00014933 0.00005500
2457645.68320000 1.00000130 0.00005500
2457645.70360000 0.99998651 0.00005500
2457645.72400000 1.00001749 0.00005500
2457645.74450000 1.00002489 0.00005500
2457645.76490000 1.00015872 0.00005500
2457645.78530000 1.00000820 0.00005500
2457645.80580000 0.99989775 0.00005500
2457645.82620000 0.99994433 0.00005500
2457645.84660000 0.99999840 0.00005500
2457645.86710000 0.99995712 0.00005500
2457645.88750000 1.00002529 0.00005500
2457645.90790000 1.00007416 0.00005500
2457645.92830000 1.00000860 0.00005500
2457645.94880000 1.00009755 0.00005500
2457645.96920000 0.99997451 0.00005500
2457645.98960000 1.00004308 0.00005500
2457646.01010000 1.00001279 0.00005500
2457646.03050000 1.00000180 0.00005500
2457646.05090000 1.00001589 0.00005500
2457646.07140000 0.99989515 0.00005500
2457646.09180000 0.99995932 0.00005500
2457646.11220000 1.00002339 0.00005500
2457646.13270000 1.00008705 0.00005500
2457646.17350000 1.00003698 0.00005500
2457646.19400000 1.00002759 0.00005500
2457646.21440000 0.99999470 0.00005500
2457646.23480000 1.00002449 0.00005500
2457646.25530000 0.99999300 0.00005500
2457646.27570000 0.99995293 0.00005500
2457646.29610000 0.99994063 0.00005500
2457646.31660000 1.00002199 0.00005500
2457646.33700000 1.00005827 0.00005500
2457646.35740000 1.00002339 0.00005500
2457646.37780000 1.00006856 0.00005500
2457646.41870000 1.00012733 0.00005500
2457646.43910000 1.00000740 0.00005500
2457646.45960000 0.99998581 0.00005500
2457646.48000000 0.99995343 0.00005500
2457646.50040000 0.99990955 0.00005500
2457646.52090000 0.99990795 0.00005500
2457646.54130000 0.99993154 0.00005500
2457646.56170000 0.99996432 0.00005500
2457646.58220000 1.00007056 0.00005500
2457646.60260000 0.99997521 0.00005500
2457646.62300000 1.00003098 0.00005500
2457646.66390000 0.99997422 0.00005500
2457646.68430000 1.00004068 0.00005500
2457646.70480000 1.00012882 0.00005500
2457646.72520000 0.99998671 0.00005500
2457646.74560000 1.00010144 0.00005500
2457646.76610000 0.99987497 0.00005500
2457646.78650000 0.99989007 0.00005500
2457646.80690000 0.99998861 0.00005500
2457646.82740000 0.99996592 0.00005500
2457646.84780000 1.00001829 0.00005500
2457646.86820000 0.99996692 0.00005500
2457646.90910000 0.99995463 0.00005500
2457646.92950000 0.99994064 0.00005500
2457646.94990000 0.99989636 0.00005500
2457646.97040000 0.99989836 0.00005500
2457646.99080000 0.99992554 0.00005500
2457647.01120000 1.00000770 0.00005500
2457647.03170000 1.00009914 0.00005500
2457647.05210000 1.00003228 0.00005500
2457647.07250000 1.00007815 0.00005500
2457647.09300000 0.99995493 0.00005500
2457647.11340000 0.99999990 0.00005500
2457647.13380000 0.99994193 0.00005500
2457647.15430000 0.99992364 0.00005500
2457647.17470000 0.99999990 0.00005500
2457647.19510000 0.99998241 0.00005500
2457647.21560000 1.00006756 0.00005500
2457647.23600000 0.99995672 0.00005500
2457647.25640000 0.99998101 0.00005500
2457647.27690000 0.99998581 0.00005500
2457647.29730000 1.00001589 0.00005500
2457647.31770000 1.00005177 0.00005500
2457647.33810000 1.00012833 0.00005500
2457647.35860000 1.00012893 0.00005500
2457647.39940000 1.00017191 0.00005500
2457647.41990000 1.00004677 0.00005500
2457647.44030000 1.00000660 0.00005500
2457647.46070000 0.99996582 0.00005500
2457647.48120000 0.99996352 0.00005500
2457647.50160000 1.00000380 0.00005500
2457647.52200000 1.00000210 0.00005500
2457647.54250000 1.00001989 0.00005500
2457647.56290000 1.00002079 0.00005500
2457647.58330000 1.00007956 0.00005500
2457647.60380000 1.00004917 0.00005500
2457647.64460000 0.99999230 0.00005500
2457647.66510000 0.99997501 0.00005500
2457647.68550000 0.99993713 0.00005500
2457647.70590000 0.99991944 0.00005500
2457647.72640000 0.99997511 0.00005500
2457647.74680000 0.99999830 0.00005500
2457647.76720000 1.00005607 0.00005500
2457647.78760000 0.99996132 0.00005500
2457647.80810000 0.99996552 0.00005500
2457647.82850000 1.00003308 0.00005500
2457647.84890000 0.99997541 0.00005500
2457647.88980000 0.99994723 0.00005500
2457647.91020000 0.99999450 0.00005500
2457647.93070000 1.00011714 0.00005500
2457647.95110000 1.00005168 0.00005500
2457647.97150000 1.00002709 0.00005500
2457647.99200000 1.00002599 0.00005500
2457648.01240000 0.99999200 0.00005500
2457648.03280000 0.99995452 0.00005500
2457648.05330000 0.99996802 0.00005500
2457648.07370000 0.99998681 0.00005500
2457648.09410000 0.99993703 0.00005500
2457648.13500000 1.00000980 0.00005500
2457648.15540000 1.00012884 0.00005500
2457648.17590000 0.99997721 0.00005500
2457648.19630000 0.99995722 0.00005500
2457648.21670000 0.99993373 0.00005500
2457648.23720000 0.99996132 0.00005500
2457648.25760000 0.99991834 0.00005500
2457648.27800000 0.99992834 0.00005500
2457648.29840000 1.00000480 0.00005500
2457648.31890000 0.99996522 0.00005500
2457648.33930000 0.99999770 0.00005500
2457648.38020000 0.99997401 0.00005500
2457648.40060000 0.99990985 0.00005500
2457648.42100000 0.99993403 0.00005500
2457648.44150000 0.99996262 0.00005500
2457648.46190000 0.99998361 0.00005500
2457648.48230000 1.00001839 0.00005500
2457648.50280000 0.99998931 0.00005500
2457648.52320000 1.00006147 0.00005500
2457648.54360000 1.00005157 0.00005500
2457648.56410000 1.00006467 0.00005500
2457648.58450000 1.00003518 0.00005500
2457648.62540000 1.00005687 0.00005500
2457648.64580000 0.99998481 0.00005500
2457648.66620000 0.99999870 0.00005500
2457648.68670000 0.99997052 0.00005500
2457648.70710000 1.00006716 0.00005500
2457648.72750000 1.00004348 0.00005500
2457648.74790000 1.00012503 0.00005500
2457648.76840000 1.00009175 0.00005500
2457648.78880000 1.00002319 0.00005500
2457648.80920000 0.99997851 0.00005500
2457648.82970000 1.00003878 0.00005500
2457648.89100000 1.00004448 0.00005500
2457648.91140000 0.99998751 0.00005500
2457648.93180000 0.99993603 0.00005500
2457648.95230000 0.99995462 0.00005500
2457648.97270000 0.99995282 0.00005500
2457648.99310000 1.00004767 0.00005500
2457649.01360000 0.99997491 0.00005500
2457649.03400000 1.00002389 0.00005500
2457649.05440000 0.99996042 0.00005500
2457649.07490000 1.00001289 0.00005500
2457649.11570000 1.00003478 0.00005500
2457649.13620000 0.99995952 0.00005500
2457649.15660000 0.99989705 0.00005500
2457649.17700000 0.99999990 0.00005500
2457649.19750000 0.99994263 0.00005500
2457649.21790000 0.99996602 0.00005500
2457649.23830000 0.99997871 0.00005500
2457649.25870000 0.99998911 0.00005500
2457649.27920000 0.99990535 0.00005500
2457649.29960000 0.99999250 0.00005500
2457649.32000000 1.00003049 0.00005500
2457649.36090000 1.00009295 0.00005500
2457649.38130000 0.99993673 0.00005500
2457649.40180000 1.00004908 0.00005500
2457649.42220000 0.99991054 0.00005500
2457649.44260000 1.00002309 0.00005500
2457649.46310000 1.00003398 0.00005500
2457649.48350000 0.99999310 0.00005500
2457649.50390000 1.00008326 0.00005500
2457649.52440000 0.99997621 0.00005500
2457649.54480000 1.00007936 0.00005500
2457649.56520000 1.00005348 0.00005500
2457649.60610000 1.00003209 0.00005500
2457649.62650000 1.00001669 0.00005500
2457649.64700000 1.00003089 0.00005500
2457649.66740000 1.00000920 0.00005500
2457649.68780000 1.00008086 0.00005500
2457649.70830000 0.99995072 0.00005500
2457649.72870000 1.00003678 0.00005500
2457649.74910000 1.00002749 0.00005500
2457649.76950000 0.99997561 0.00005500
2457649.79000000 0.99999830 0.00005500
2457649.81040000 0.99997291 0.00005500
2457649.85130000 1.00003888 0.00005500
2457649.87170000 1.00009296 0.00005500
2457649.89210000 0.99990324 0.00005500
2457649.91260000 0.99995842 0.00005500
2457649.93300000 0.99999850 0.00005500
2457649.95340000 0.99995812 0.00005500
2457649.97390000 0.99995082 0.00005500
2457649.99430000 0.99994662 0.00005500
2457650.01470000 0.99993113 0.00005500
2457650.03520000 0.99997491 0.00005500
2457650.05560000 0.99994552 0.00005500
2457650.09650000 1.00000460 0.00005500
2457650.11690000 0.99991164 0.00005500
2457650.13730000 0.99996881 0.00005500
2457650.15780000 1.00003908 0.00005500
2457650.17820000 0.99998371 0.00005500
2457650.21900000 0.99995902 0.00005500
2457650.23950000 1.00002549 0.00005500
2457650.25990000 0.99995882 0.00005500
2457650.28030000 0.99996411 0.00005500
2457650.30080000 1.00001499 0.00005500
2457650.34160000 1.00001979 0.00005500
2457650.36210000 0.99997301 0.00005500
2457650.38250000 1.00007607 0.00005500
2457650.40290000 1.00003558 0.00005500
2457650.42340000 1.00015833 0.00005500
2457650.44380000 1.00015653 0.00005500
2457650.46420000 1.00003458 0.00005500
2457650.48470000 0.99993793 0.00005500
2457650.50510000 0.99985716 0.00005500
2457650.52550000 0.99991784 0.00005500
2457650.54600000 1.00001209 0.00005500
2457650.56640000 1.00011874 0.00005500
2457650.58680000 1.00009456 0.00005500
2457650.60730000 1.00007966 0.00005500
2457650.62770000 1.00001099 0.00005500
2457650.64810000 1.00004018 0.00005500
2457650.66860000 1.00005147 0.00005500
2457650.68900000 0.99998641 0.00005500
2457650.70940000 1.00002219 0.00005500
2457650.72980000 0.99996662 0.00005500
2457650.75030000 0.99995442 0.00005500
2457650.77070000 0.99999550 0.00005500
2457650.79110000 0.99999450 0.00005500
2457650.83200000 1.00003458 0.00005500
2457650.85240000 1.00003768 0.00005500
2457650.87290000 0.99996742 0.00005500
2457650.89330000 0.99997791 0.00005500
2457650.91370000 0.99990205 0.00005500
2457650.93420000 0.99992184 0.00005500
2457650.95460000 0.99993394 0.00005500
2457650.97500000 0.99998831 0.00005500
2457650.99550000 0.99995682 0.00005500
2457651.01590000 1.00002948 0.00005500
2457651.03630000 0.99994233 0.00005500
2457651.07720000 0.99996612 0.00005500
2457651.09760000 0.99997511 0.00005500
2457651.11810000 1.00000460 0.00005500
2457651.13850000 1.00004307 0.00005500
2457651.15890000 1.00013152 0.00005500
2457651.17930000 0.99992814 0.00005500
2457651.19980000 0.99995473 0.00005500
2457651.22020000 0.99992994 0.00005500
2457651.24060000 1.00000230 0.00005500
2457651.26110000 1.00003808 0.00005500
2457651.28150000 1.00004917 0.00005500
2457651.30190000 1.00014551 0.00005500
2457651.32240000 1.00000090 0.00005500
2457651.34280000 1.00003978 0.00005500
2457651.36320000 0.99996232 0.00005500
2457651.38370000 0.99999570 0.00005500
2457651.40410000 0.99995163 0.00005500
2457651.42450000 0.99995693 0.00005500
2457651.44500000 0.99992984 0.00005500
2457651.46540000 1.00000310 0.00005500
2457651.48580000 1.00000140 0.00005500
2457651.50630000 1.00001599 0.00005500
2457651.52670000 0.99999980 0.00005500
2457651.56760000 1.00009894 0.00005500
2457651.58800000 1.00007535 0.00005500
2457651.60840000 1.00001499 0.00005500
2457651.62890000 0.99995763 0.00005500
2457651.64930000 1.00003058 0.00005500
2457651.66970000 0.99998511 0.00005500
2457651.69010000 0.99997322 0.00005500
2457651.69010000 0.99997322 0.00005500
2457651.69010000 0.99997322 0.00005500
