2457356.561080 0.996541 0.000758 1.716878 27.139933 30.339670
2457356.561453 1.002181 0.000761 1.712520 25.761725 30.244617
2457356.561825 0.999418 0.000756 1.708205 24.434949 30.331933
2457356.562196 0.993088 0.000753 1.703925 23.738001 30.455726
2457356.562583 0.996258 0.000753 1.699504 22.709881 30.510515
2457356.562955 0.997856 0.000753 1.695286 21.698824 30.452203
2457356.563327 0.999259 0.000753 1.691088 20.206607 30.459742
2457356.563699 0.997282 0.000753 1.686931 19.860257 30.400116
2457356.564070 0.998111 0.000753 1.682802 19.521718 30.487863
2457356.564442 0.999734 0.000753 1.678696 18.230549 30.823182
2457356.564814 0.995795 0.000748 1.674621 18.607066 30.645441
2457356.565186 1.002388 0.000753 1.670573 18.070332 30.491304
2457356.565557 0.997039 0.000751 1.666560 17.616178 30.838825
2457356.565929 1.001033 0.000751 1.662571 17.171214 30.655981
2457356.566301 0.998778 0.000751 1.658606 16.609996 30.788251
2457356.566672 0.992916 0.000748 1.654672 16.530356 30.953308
2457356.567044 1.004456 0.000753 1.650763 16.283422 30.920735
2457356.567416 0.997090 0.000748 1.646881 16.078714 30.740125
2457356.567802 0.995993 0.000746 1.642875 15.907793 30.720365
2457356.568175 1.001218 0.000751 1.639044 15.126813 30.663258
2457356.568546 1.001084 0.000751 1.635245 15.421372 30.959586
2457356.568918 1.000902 0.000751 1.631468 15.503727 31.032555
2457356.569289 0.998612 0.000748 1.627723 14.989955 31.044644
2457356.569661 1.001000 0.000748 1.624003 14.624348 30.863912
2457356.570033 1.001450 0.000753 1.620302 15.185322 31.410500
2457356.570404 0.999736 0.000751 1.616632 14.109545 31.344760
2457356.570777 1.000925 0.000751 1.612979 14.163983 31.588109
2457356.571148 1.004706 0.000753 1.609363 14.452975 31.187075
2457356.571521 1.000894 0.000748 1.605750 13.858264 30.970792
2457356.571893 0.998862 0.000748 1.602172 13.975775 31.113628
2457356.572265 1.003281 0.000751 1.598624 14.032529 30.920116
2457356.572636 1.007288 0.000753 1.595097 14.086203 31.287282
2457356.573008 1.002666 0.000751 1.591598 14.049361 31.080477
2457356.573380 0.999469 0.000748 1.588115 13.628178 31.199554
2457356.573751 0.996683 0.000748 1.584663 14.078993 31.427400
2457356.574123 1.002103 0.000748 1.581229 14.014956 31.073441
2457356.574569 1.007965 0.000751 1.577144 13.994429 30.960327
2457356.574942 0.998179 0.000746 1.573755 13.919018 31.060449
2457356.575314 1.005359 0.000751 1.570393 14.005492 31.037087
2457356.575685 1.001729 0.000748 1.567057 14.136137 31.189364
2457356.576057 0.998250 0.000746 1.563745 13.933326 30.890225
2457356.576429 0.997067 0.000746 1.560448 13.924448 30.932914
2457356.576801 0.997616 0.000746 1.557179 14.286410 30.926658
2457356.577173 0.997378 0.000743 1.553929 13.517846 30.781677
2457356.577619 0.999522 0.000746 1.550054 13.595918 30.930453
2457356.577992 1.000078 0.000746 1.546844 13.257179 30.939422
2457356.578439 0.995431 0.000746 1.543024 13.389552 31.333002
2457356.578812 1.003526 0.000751 1.539858 13.108795 31.486365
2457356.579184 1.000411 0.000748 1.536724 13.322287 31.135176
2457356.579555 0.999390 0.000743 1.533611 13.078657 31.114617
2457356.579927 1.006112 0.000751 1.530518 13.081962 31.162082
2457356.580299 1.002932 0.000748 1.527447 13.473676 31.268530
2457356.580671 0.999633 0.000746 1.524392 13.128845 31.176594
2457356.581042 0.995472 0.000743 1.521363 13.379693 31.105658
2457356.581414 0.995090 0.000746 1.518348 13.572977 31.789155
2457356.581786 1.001746 0.000746 1.515355 12.960588 31.124716
2457356.582158 0.999769 0.000746 1.512379 12.906680 31.499659
2457356.582530 0.998290 0.000743 1.509429 13.462764 31.118194
2457356.582902 0.996951 0.000743 1.506495 13.174691 31.163566
2457356.583273 1.001951 0.000746 1.503579 13.461505 31.461505
2457356.583645 0.999451 0.000746 1.500682 12.826924 31.314490
2457356.584017 1.002287 0.000746 1.497808 12.625200 31.500665
2457356.584389 1.001127 0.000746 1.494946 13.083109 31.116858
2457356.584761 1.003546 0.000748 1.492104 13.081863 31.772506
2457356.585133 1.005981 0.000748 1.489281 12.888980 31.286473
2457356.585667 1.000561 0.000746 1.485265 13.144875 31.503080
2457356.586040 1.003488 0.000748 1.482481 13.457726 31.737412
2457356.586412 1.004636 0.000746 1.479718 13.162487 31.420020
2457356.586784 1.000834 0.000743 1.476980 12.962621 31.475846
2457356.587156 0.998437 0.000743 1.474253 12.766497 31.321240
2457356.587527 1.000495 0.000746 1.471552 12.991223 31.601031
2457356.587899 1.000727 0.000743 1.468867 13.023334 31.307823
2457356.588270 1.000978 0.000743 1.466198 12.583474 31.030068
2457356.588642 1.000543 0.000743 1.463544 13.017445 31.427815
2457356.589014 1.000280 0.000741 1.460910 12.661395 30.967818
2457356.589385 1.001491 0.000743 1.458294 12.852165 31.356971
2457356.589757 1.004444 0.000746 1.455693 12.107680 31.454219
2457356.590129 0.997542 0.000741 1.453110 12.475346 31.120768
2457356.590501 0.999876 0.000741 1.450541 12.376335 31.493888
2457356.590873 1.005601 0.000746 1.447988 12.115819 31.106835
2457356.591244 1.001175 0.000741 1.445457 12.267482 30.930869
2457356.591616 1.004267 0.000743 1.442942 12.547630 31.307421
2457356.591988 1.004613 0.000743 1.440436 12.535346 31.415164
2457356.592359 1.003930 0.000746 1.437952 12.132498 31.670124
2457356.592731 1.003359 0.000746 1.435482 12.559664 31.356701
2457356.593103 1.000341 0.000741 1.433027 12.473394 30.908136
2457356.593548 1.001731 0.000741 1.430112 12.091909 31.133050
2457356.593922 1.001263 0.000743 1.427683 12.013277 31.275595
2457356.594367 0.997974 0.000741 1.424804 11.911806 31.564248
2457356.594740 1.001541 0.000741 1.422411 11.927531 31.562387
2457356.595112 1.001620 0.000741 1.420041 12.049575 31.180986
2457356.595485 1.002262 0.000743 1.417683 12.304004 31.151313
2457356.595856 1.006188 0.000743 1.415345 11.916828 31.477316
2457356.596228 0.999565 0.000741 1.413024 11.865991 31.260432
2457356.596600 0.998558 0.000741 1.410713 12.457363 31.378218
2457356.596972 0.998917 0.000741 1.408420 11.990308 31.472725
2457356.597344 1.005500 0.000743 1.406140 11.926594 31.178251
2457356.597715 0.998318 0.000741 1.403877 12.023674 31.639618
2457356.598087 1.003849 0.000743 1.401625 11.906306 31.594172
2457356.598459 1.000887 0.000741 1.399390 11.921449 31.545523
2457356.598830 1.002181 0.000743 1.397172 12.468558 31.806455
2457356.599203 1.000427 0.000743 1.394964 12.651251 31.806101
2457356.599575 0.994276 0.000741 1.392771 12.266493 31.961829
2457356.600019 1.000465 0.000743 1.390169 12.954484 32.026368
2457356.600392 0.998816 0.000743 1.388002 11.786257 31.833275
2457356.600764 1.001916 0.000746 1.385855 11.943652 31.816264
2457356.601135 0.998788 0.000743 1.383722 11.864422 31.969908
2457356.601507 0.996114 0.000743 1.381603 11.845209 31.874493
2457356.601879 0.997921 0.000741 1.379498 11.462510 31.430998
2457356.602251 0.998604 0.000741 1.377405 11.845410 31.854128
2457356.602639 0.999178 0.000743 1.375238 11.740579 31.921382
2457356.603010 0.996410 0.000738 1.373174 11.965661 31.505534
2457356.603382 0.996094 0.000741 1.371123 12.304172 31.506586
2457356.603754 0.996781 0.000738 1.369084 11.951196 31.380903
2457356.604126 0.996374 0.000738 1.367061 11.965365 31.369936
2457356.604497 0.997181 0.000738 1.365050 12.465567 31.354571
2457356.604870 0.996068 0.000743 1.363049 12.079388 32.111146
2457356.605241 0.998629 0.000743 1.361066 12.348477 31.741774
2457356.605613 0.988942 0.000736 1.359095 12.335283 31.722931
2457356.605985 0.994299 0.000736 1.357133 11.995147 31.677203
2457356.606356 0.993075 0.000738 1.355188 12.039373 31.612789
2457356.606728 0.996968 0.000741 1.353251 11.997471 31.931610
2457356.607100 0.994577 0.000738 1.351331 11.934315 31.843834
2457356.607472 0.994261 0.000738 1.349423 12.037846 31.440776
2457356.607844 0.992287 0.000736 1.347523 11.827370 31.749521
2457356.608216 0.998478 0.000743 1.345638 12.000422 31.956902
2457356.608589 0.994632 0.000738 1.343761 11.959233 31.675085
2457356.608961 0.996584 0.000741 1.341900 11.847652 31.958503
2457356.609333 0.992625 0.000738 1.340051 11.799979 31.826184
2457356.609704 0.988811 0.000733 1.338218 11.954672 31.587293
2457356.610077 0.993829 0.000736 1.336393 11.590159 31.648626
2457356.610448 0.991546 0.000736 1.334584 12.375588 31.910243
2457356.610820 0.993545 0.000738 1.332784 12.039231 31.766165
2457356.611192 0.987875 0.000733 1.330994 11.963602 31.377611
2457356.611564 0.993793 0.000736 1.329219 11.929103 31.639181
2457356.612010 0.987981 0.000733 1.327103 11.466866 31.588648
2457356.612458 0.993508 0.000736 1.324996 12.447848 31.386133
2457356.612831 0.993508 0.000738 1.323255 11.944577 31.843122
2457356.613278 0.987956 0.000736 1.321180 11.829266 31.823835
2457356.613651 0.987597 0.000733 1.319465 11.856667 31.569468
2457356.614023 0.989293 0.000733 1.317764 12.398987 31.552306
2457356.614408 0.989483 0.000733 1.316016 11.903392 31.573278
2457356.614780 0.991882 0.000736 1.314338 11.494485 31.508916
2457356.615151 0.993626 0.000736 1.312676 11.962822 31.849540
2457356.615524 0.993022 0.000736 1.311019 11.883038 31.652129
2457356.615895 0.993707 0.000736 1.309377 12.072734 31.726996
2457356.616267 0.992565 0.000736 1.307747 12.221799 31.711016
2457356.616638 0.990502 0.000736 1.306126 11.930780 31.470895
2457356.617011 0.988396 0.000733 1.304511 12.002986 31.571080
2457356.617383 0.982999 0.000728 1.302911 12.020610 31.516493
2457356.617755 0.989164 0.000733 1.301320 11.495496 31.642294
2457356.618127 0.987286 0.000733 1.299743 12.012215 31.766996
2457356.618499 0.990603 0.000736 1.298175 11.898843 31.844238
2457356.618870 0.991179 0.000736 1.296620 12.379278 31.636937
2457356.619243 0.985532 0.000733 1.295071 12.086569 31.777706
2457356.619614 0.990669 0.000736 1.293537 12.396993 31.786407
2457356.619986 0.990767 0.000736 1.292010 12.380996 31.679605
2457356.620358 0.989920 0.000733 1.290494 12.289649 31.654992
2457356.620729 0.988687 0.000733 1.288992 12.495989 31.834969
2457356.621176 0.988194 0.000733 1.287198 12.128117 31.673910
2457356.621548 0.992458 0.000736 1.285714 11.958549 31.593445
2457356.621921 0.992891 0.000736 1.284238 12.376643 31.575738
2457356.622293 0.988836 0.000733 1.282778 12.099712 31.567116
2457356.622664 0.990469 0.000733 1.281326 12.457462 31.645560
2457356.623036 0.997368 0.000738 1.279886 11.428763 31.760983
2457356.623484 0.989152 0.000731 1.278162 11.553708 31.360388
2457356.623856 0.989711 0.000731 1.276741 11.853686 31.248808
2457356.624229 0.989170 0.000731 1.275328 12.003787 31.394154
2457356.624601 0.992491 0.000738 1.273928 11.853315 31.903680
2457356.624973 0.995275 0.000738 1.272537 12.097617 31.748402
2457356.625345 0.990317 0.000733 1.271155 12.191837 31.649054
2457356.625717 0.991293 0.000733 1.269783 11.449800 31.433389
2457356.626088 0.993192 0.000733 1.268423 11.841865 31.356094
2457356.626534 0.991912 0.000736 1.266803 12.546027 31.496587
2457356.626907 0.989073 0.000731 1.265461 11.932686 31.345723
2457356.627279 0.986566 0.000731 1.264130 11.926393 31.718121
2457356.627651 0.990732 0.000736 1.262808 12.022584 32.008534
2457356.628022 0.988037 0.000731 1.261497 11.511588 31.601620
2457356.628394 0.989480 0.000736 1.260196 12.476115 31.819286
2457356.628766 0.987916 0.000731 1.258902 11.941936 31.556248
2457356.629212 0.989913 0.000731 1.257362 11.367051 31.598838
2457356.629585 0.989642 0.000733 1.256086 11.944620 31.871206
2457356.629956 0.989453 0.000731 1.254824 11.922201 31.626426
2457356.630328 0.990264 0.000736 1.253569 12.383907 32.017093
2457356.630700 0.994289 0.000736 1.252325 12.040903 31.597511
2457356.631072 0.986763 0.000733 1.251089 12.362424 31.885660
2457356.631444 0.991387 0.000736 1.249859 12.391043 31.951288
2457356.631816 0.987534 0.000731 1.248641 12.030986 31.767116
2457356.632188 0.991354 0.000733 1.247432 12.042871 31.611582
2457356.632559 0.993235 0.000733 1.246233 11.898561 31.566936
2457356.632931 0.988558 0.000731 1.245041 12.044490 31.699344
2457356.633303 0.988631 0.000733 1.243857 12.456114 31.992037
2457356.633675 0.991313 0.000733 1.242684 11.985801 32.145647
2457356.634047 0.992719 0.000733 1.241518 11.994874 31.906130
2457356.634418 0.992244 0.000733 1.240363 12.016905 31.948805
2457356.634791 0.989324 0.000733 1.239215 11.841530 32.137298
2457356.635163 0.991111 0.000733 1.238075 12.340857 32.005174
2457356.635534 0.988909 0.000733 1.236945 12.461253 32.150623
2457356.635906 0.988348 0.000733 1.235825 11.873045 31.878667
2457356.636278 0.992926 0.000736 1.234710 11.896560 32.167277
2457356.636650 0.986085 0.000731 1.233606 11.897784 31.923630
2457356.637022 0.986738 0.000731 1.232508 11.451555 32.048256
2457356.637394 0.989632 0.000733 1.231422 12.023850 31.953355
2457356.637765 0.992595 0.000736 1.230344 11.920024 32.186165
2457356.638138 0.993568 0.000733 1.229270 11.844435 32.092609
2457356.638509 0.993679 0.000736 1.228209 11.811314 32.157132
2457356.638881 0.993017 0.000736 1.227155 11.575225 32.108764
2457356.639252 0.987845 0.000731 1.226109 11.473256 32.062484
2457356.639625 0.988586 0.000731 1.225070 11.492230 32.028557
2457356.639996 0.989979 0.000731 1.224042 11.034325 31.886338
2457356.640368 0.989683 0.000731 1.223021 11.464450 31.871164
2457356.640739 0.987590 0.000731 1.222009 11.390856 31.913490
2457356.641111 0.992456 0.000736 1.221005 12.395232 32.173088
2457356.641483 0.988826 0.000733 1.220007 11.878562 32.011046
2457356.641854 0.989372 0.000731 1.219020 11.888561 31.814495
2457356.642226 0.989751 0.000733 1.218039 11.427138 32.086570
2457356.642598 0.988654 0.000728 1.217065 10.995075 31.717484
2457356.642970 0.989948 0.000733 1.216100 11.932874 31.927598
2457356.643341 0.989061 0.000731 1.215144 11.321190 31.927922
2457356.643713 0.985734 0.000728 1.214196 11.304522 31.726365
2457356.644085 0.989281 0.000731 1.213254 11.323767 31.902843
2457356.644457 0.990992 0.000733 1.212321 11.452034 32.075459
2457356.644829 0.988990 0.000733 1.211396 11.888560 31.905493
2457356.645200 0.989015 0.000731 1.210478 11.542833 31.852592
2457356.645572 0.988444 0.000731 1.209569 11.205733 31.745674
2457356.645943 0.989392 0.000731 1.208669 11.413974 31.953297
2457356.646316 0.988707 0.000731 1.207772 11.353996 31.883624
2457356.646687 0.992893 0.000733 1.206886 11.315883 31.834368
2457356.647059 0.989387 0.000733 1.206008 11.417485 31.975757
2457356.647506 0.987943 0.000733 1.204961 11.849344 32.340780
2457356.647878 0.989263 0.000731 1.204098 11.376211 31.854303
2457356.648250 0.989372 0.000731 1.203243 11.386126 32.109630
2457356.648622 0.988285 0.000731 1.202397 11.085036 31.936722
2457356.648994 0.993639 0.000733 1.201556 11.017426 31.967853
2457356.649366 0.986328 0.000731 1.200725 11.891260 32.167131
2457356.649752 0.989486 0.000731 1.199868 11.528338 31.997788
2457356.650124 0.989544 0.000728 1.199051 11.333925 31.746824
2457356.650495 0.988115 0.000731 1.198245 11.442492 32.102880
2457356.650868 0.989807 0.000731 1.197441 11.264469 31.869660
2457356.651240 0.987526 0.000728 1.196646 10.848600 31.712826
2457356.651611 0.990469 0.000731 1.195860 10.910156 31.993846
2457356.651983 0.989134 0.000731 1.195080 10.918628 32.036957
2457356.652355 0.988439 0.000728 1.194308 11.037575 31.744691
2457356.652727 0.992676 0.000733 1.193543 10.963661 31.878691
2457356.653099 0.991786 0.000733 1.192785 10.964391 32.214646
2457356.653470 0.990332 0.000736 1.192035 11.409164 32.570808
2457356.653842 0.989296 0.000736 1.191292 11.951512 32.308768
2457356.654288 0.993672 0.000733 1.190409 11.337032 32.011615
2457356.654661 0.993968 0.000736 1.189680 11.393483 32.312679
2457356.655033 0.989668 0.000733 1.188960 11.420963 32.257940
2457356.655404 0.991649 0.000733 1.188248 11.512500 32.033893
2457356.655776 0.991225 0.000733 1.187542 11.808399 31.964482
2457356.656148 0.990590 0.000733 1.186843 11.873067 32.010924
2457356.656519 0.989764 0.000733 1.186153 11.478410 32.510286
2457356.656891 0.988211 0.000728 1.185469 11.353294 31.931647
2457356.657263 0.989877 0.000731 1.184791 11.873653 32.088093
2457356.657635 0.993851 0.000733 1.184121 12.058047 32.242031
2457356.658006 0.990820 0.000733 1.183457 11.398077 32.254041
2457356.658378 0.989599 0.000731 1.182801 11.509482 32.163231
2457356.658750 0.989073 0.000731 1.182152 11.758047 32.049864
2457356.659122 0.987087 0.000728 1.181510 11.068834 32.048517
2457356.659493 0.988960 0.000733 1.180875 11.255899 32.403730
2457356.659864 0.990568 0.000731 1.180247 11.076134 32.005593
2457356.660236 0.989470 0.000731 1.179625 11.854626 31.985590
2457356.660609 0.989005 0.000731 1.179010 11.390808 32.061508
2457356.661053 0.987198 0.000728 1.178283 11.296987 31.916688
2457356.661426 0.987504 0.000728 1.177682 11.545524 31.925386
2457356.661798 0.988244 0.000728 1.177089 11.739491 31.325226
2457356.662170 0.989119 0.000731 1.176503 11.421527 31.704003
2457356.662542 0.986556 0.000728 1.175923 11.511499 31.951203
2457356.662987 0.989061 0.000731 1.175239 11.730456 31.978795
2457356.663360 0.990621 0.000733 1.174673 11.713414 31.834752
2457356.663732 0.989870 0.000731 1.174116 11.847315 32.034497
2457356.664104 0.988277 0.000728 1.173565 11.230663 31.655127
2457356.664550 0.989930 0.000728 1.172913 11.012538 31.668879
2457356.664923 0.990052 0.000731 1.172375 11.446556 31.573665
2457356.665294 0.984670 0.000726 1.171847 11.282947 31.608633
2457356.665666 0.992463 0.000731 1.171324 10.925813 31.782232
2457356.666038 0.989930 0.000731 1.170807 11.050654 32.162096
2457356.666410 0.989486 0.000731 1.170298 11.326958 32.033686
2457356.666782 0.990158 0.000731 1.169795 11.423726 32.062631
2457356.667154 0.988007 0.000728 1.169299 10.941201 31.860591
2457356.667525 0.987233 0.000728 1.168810 11.330639 31.649985
2457356.667897 0.989253 0.000731 1.168328 10.959769 31.707747
2457356.668269 0.991194 0.000731 1.167851 11.049740 31.852024
2457356.668642 0.990618 0.000731 1.167381 10.936233 31.771731
2457356.669013 0.987231 0.000728 1.166918 11.298257 31.564649
2457356.669385 0.992843 0.000731 1.166461 10.866031 31.577031
2457356.669757 0.989592 0.000728 1.166011 10.911607 31.852345
2457356.670129 0.988816 0.000728 1.165568 11.340557 31.582840
2457356.670501 0.990565 0.000728 1.165131 10.839847 31.456433
2457356.670872 0.989364 0.000728 1.164701 10.859057 31.661231
2457356.671244 0.988277 0.000731 1.164277 11.416986 32.001915
2457356.671616 0.991682 0.000731 1.163859 11.006932 31.774923
2457356.671987 0.989721 0.000731 1.163448 11.483262 31.624848
2457356.672359 0.990744 0.000731 1.163043 11.006752 31.956236
2457356.672731 0.989266 0.000731 1.162646 11.372632 32.106458
2457356.673103 0.991662 0.000731 1.162253 10.949560 31.823137
2457356.673475 0.989956 0.000728 1.161868 11.061222 31.584299
2457356.673846 0.986068 0.000726 1.161490 11.398734 31.756430
2457356.674219 0.989817 0.000728 1.161117 12.090435 31.139322
2457356.674590 0.988788 0.000731 1.160751 11.383539 31.831104
2457356.674962 0.988151 0.000728 1.160391 11.254792 31.512689
2457356.675334 0.986465 0.000726 1.160037 11.371212 31.417393
2457356.675706 0.988972 0.000726 1.159690 10.947555 31.413644
2457356.676077 0.988967 0.000726 1.159350 10.985284 31.489953
2457356.676449 0.986725 0.000726 1.159016 10.963854 31.468280
2457356.676821 0.988745 0.000728 1.158688 11.043817 31.554031
2457356.677193 0.989625 0.000728 1.158366 11.351896 31.308465
2457356.677564 0.988626 0.000728 1.158051 11.808392 31.743861
2457356.677937 0.988098 0.000728 1.157742 11.873350 31.588634
2457356.678309 0.987481 0.000728 1.157439 11.089609 31.555391
2457356.678681 0.989776 0.000728 1.157142 11.467725 32.058537
2457356.679053 0.989728 0.000728 1.156852 11.895270 31.712386
2457356.679424 0.990201 0.000731 1.156568 11.538352 31.890936
2457356.679796 0.990085 0.000728 1.156291 11.406169 31.772892
2457356.680168 0.987883 0.000728 1.156019 11.614927 31.834663
2457356.680539 0.989979 0.000731 1.155754 11.506088 31.880827
2457356.680912 0.990714 0.000731 1.155495 11.527146 32.264800
2457356.681283 0.991852 0.000731 1.155243 11.526535 31.769307
2457356.681655 0.990092 0.000728 1.154996 11.936729 31.484574
2457356.682042 0.988032 0.000728 1.154746 11.921785 31.664846
2457356.682414 0.991475 0.000728 1.154513 11.534415 31.449871
2457356.682786 0.991558 0.000731 1.154285 11.863374 31.923139
2457356.683158 0.987317 0.000726 1.154064 11.764880 31.520184
2457356.683530 0.989063 0.000728 1.153848 12.304193 31.382554
2457356.683902 0.989369 0.000728 1.153639 12.090419 31.463251
2457356.684274 0.988249 0.000728 1.153437 12.049481 31.610745
2457356.684646 0.986495 0.000726 1.153240 12.323292 31.459507
2457356.685018 0.986164 0.000726 1.153050 12.073548 31.385649
2457356.685389 0.985767 0.000726 1.152866 12.461060 31.375764
2457356.685761 0.987425 0.000726 1.152688 12.423663 31.243696
2457356.686133 0.986381 0.000726 1.152516 12.423127 31.556061
2457356.686505 0.989663 0.000728 1.152350 12.138149 31.383565
2457356.686877 0.987769 0.000728 1.152191 13.030529 31.820054
2457356.687249 0.986990 0.000726 1.152037 12.452287 31.521825
2457356.687621 0.989192 0.000728 1.151890 12.922557 31.578060
2457356.687992 0.988004 0.000731 1.151749 12.860190 31.828911
2457356.688364 0.985939 0.000726 1.151614 13.358179 31.321915
2457356.688736 0.988361 0.000728 1.151485 13.365441 31.385220
2457356.689107 0.987408 0.000728 1.151363 12.995627 31.756258
2457356.689479 0.988560 0.000728 1.151246 13.461802 31.399059
2457356.689851 0.985282 0.000728 1.151136 13.565856 31.534239
2457356.690223 0.987767 0.000728 1.151032 13.574411 31.449274
2457356.690595 0.986561 0.000726 1.150933 13.481440 31.534036
2457356.690967 0.987183 0.000726 1.150841 13.582868 31.223653
2457356.691339 0.988067 0.000728 1.150755 13.411611 31.173045
2457356.691711 0.988340 0.000728 1.150676 13.906665 31.356922
2457356.692081 0.990123 0.000731 1.150602 14.071535 31.584355
2457356.692453 0.987782 0.000728 1.150535 14.114828 31.267893
2457356.692826 0.989218 0.000728 1.150473 14.059676 31.504978
2457356.693198 0.988002 0.000728 1.150418 13.612227 31.166268
2457356.693569 0.990767 0.000731 1.150368 14.364308 31.595832
2457356.693941 0.987761 0.000728 1.150325 14.457750 30.998926
2457356.694313 0.986275 0.000726 1.150288 13.992921 31.368563
2457356.694684 0.989506 0.000728 1.150257 14.115899 31.261026
2457356.695057 0.987688 0.000728 1.150232 14.579182 31.512693
2457356.695429 0.988763 0.000728 1.150214 13.853495 31.360206
2457356.695801 0.990310 0.000731 1.150201 14.393332 31.857220
2457356.696172 0.988795 0.000731 1.150194 14.703577 31.568107
2457356.696544 0.986963 0.000728 1.150194 14.481167 31.271792
2457356.696916 0.989491 0.000731 1.150199 14.959704 31.534928
2457356.697289 0.986990 0.000731 1.150211 15.051053 31.531533
2457356.697660 0.987481 0.000728 1.150229 14.566129 31.621260
2457356.698032 0.987997 0.000731 1.150253 15.106477 31.675485
2457356.698404 0.987524 0.000728 1.150283 15.016440 31.442800
2457356.698776 0.987567 0.000728 1.150319 14.922729 31.803159
2457356.699223 0.987319 0.000731 1.150371 15.418660 31.870832
2457356.699595 0.988325 0.000731 1.150420 15.335014 31.834594
2457356.699967 0.987246 0.000728 1.150476 15.240906 31.544266
2457356.700339 0.990090 0.000731 1.150538 15.205491 31.294863
2457356.700857 0.990274 0.000731 1.150634 14.999640 31.293671
2457356.701230 0.988818 0.000731 1.150711 15.690408 31.592148
2457356.701602 0.985373 0.000728 1.150793 15.706233 31.356452
2457356.701973 0.988072 0.000728 1.150882 15.564224 31.272323
2457356.702346 0.988909 0.000731 1.150977 16.112934 31.520792
2457356.702717 0.986892 0.000728 1.151078 15.639552 31.719509
2457356.703090 0.987087 0.000728 1.151185 15.567203 31.371287
2457356.703462 0.985944 0.000726 1.151298 15.958318 31.222009
2457356.703833 0.986181 0.000728 1.151417 15.940985 31.402284
2457356.704205 0.985926 0.000728 1.151543 16.071200 31.575268
2457356.704651 0.988982 0.000731 1.151701 15.712405 31.447132
2457356.705023 0.990436 0.000733 1.151840 16.036563 31.792472
2457356.705396 0.987895 0.000731 1.151986 16.116068 31.828410
2457356.705768 0.989711 0.000731 1.152137 15.721712 31.864632
2457356.706139 0.989754 0.000731 1.152294 15.633281 31.774033
2457356.706511 0.986313 0.000731 1.152458 17.161361 31.835076
2457356.706883 0.988823 0.000731 1.152627 16.135743 31.847214
2457356.707255 0.989518 0.000731 1.152804 17.002083 31.426552
2457356.707627 0.988780 0.000731 1.152985 16.436246 31.514023
2457356.707999 0.989185 0.000731 1.153174 16.083847 31.708937
2457356.708371 0.985547 0.000728 1.153368 16.694452 31.555586
2457356.708743 0.988464 0.000731 1.153569 16.104986 31.532844
2457356.709115 0.991821 0.000736 1.153775 16.286574 31.880209
2457356.709487 0.987408 0.000728 1.153989 16.185930 31.497952
2457356.709858 0.988937 0.000731 1.154208 16.204890 31.875273
2457356.710230 0.987577 0.000728 1.154433 16.553438 31.466387
2457356.710602 0.986975 0.000728 1.154665 16.704836 31.499538
2457356.710974 0.988459 0.000731 1.154902 16.578685 31.363667
2457356.711345 0.991109 0.000733 1.155146 16.634663 31.547377
2457356.711717 0.986037 0.000728 1.155396 17.143352 31.683311
2457356.712089 0.986793 0.000728 1.155653 17.059686 31.282015
2457356.712461 0.985648 0.000728 1.155915 17.230847 31.617252
2457356.712833 0.986040 0.000731 1.156184 16.980007 31.732431
2457356.713206 0.988578 0.000731 1.156460 16.517423 31.688785
2457356.713577 0.987494 0.000728 1.156742 17.283601 31.286299
2457356.713950 0.986080 0.000728 1.157030 17.066805 31.635353
2457356.714321 0.989101 0.000733 1.157324 16.656371 31.889502
2457356.714694 0.988674 0.000733 1.157625 16.924471 31.646738
2457356.715066 0.985914 0.000728 1.157931 16.641509 31.581980
2457356.715438 0.987686 0.000731 1.158244 17.106443 31.730973
2457356.715809 0.990411 0.000733 1.158564 17.263572 31.724880
2457356.716182 0.987989 0.000731 1.158890 17.025060 31.576504
2457356.716555 0.990497 0.000733 1.159222 16.572606 31.578419
2457356.716926 0.984364 0.000728 1.159561 17.006889 31.786387
2457356.717298 0.987324 0.000731 1.159905 17.620771 31.659939
2457356.717670 0.989081 0.000731 1.160256 17.258456 31.379627
2457356.718042 0.988778 0.000731 1.160614 16.804877 31.694975
2457356.718413 0.990889 0.000733 1.160976 17.768106 31.918198
2457356.718785 0.991311 0.000733 1.161347 17.557589 31.953665
2457356.719157 0.989961 0.000733 1.161723 17.622500 31.884147
2457356.719528 0.989536 0.000733 1.162106 17.195147 31.521251
2457356.719901 0.987822 0.000731 1.162496 17.671369 31.706316
2457356.720273 0.987633 0.000731 1.162892 17.111404 31.716112
2457356.720645 0.988548 0.000731 1.163294 18.134045 31.290199
2457356.721017 0.985211 0.000731 1.163703 17.531553 31.593078
2457356.721389 0.989185 0.000731 1.164118 17.606475 31.222140
2457356.721761 0.991953 0.000733 1.164540 17.648797 31.456677
2457356.722133 0.988785 0.000733 1.164968 17.667259 31.514560
2457356.722580 0.985484 0.000731 1.165492 17.410722 31.772594
2457356.722953 0.989635 0.000733 1.165935 17.604421 31.967693
2457356.723325 0.985504 0.000731 1.166384 17.713981 31.696925
2457356.723697 0.991000 0.000733 1.166840 17.919855 31.738676
2457356.724069 0.989751 0.000733 1.167302 17.807670 32.159107
2457356.724441 0.987233 0.000733 1.167770 18.062904 32.075701
2457356.724813 0.986806 0.000731 1.168246 18.054844 31.606786
2457356.725185 0.990224 0.000733 1.168728 17.809782 31.636742
2457356.725556 0.989149 0.000733 1.169215 17.495845 31.667586
2457356.725928 0.987534 0.000731 1.169711 17.941873 31.530706
2457356.726300 0.992410 0.000736 1.170212 18.045146 31.933325
2457356.726672 0.985448 0.000731 1.170720 17.671155 31.743211
2457356.727043 0.984265 0.000731 1.171235 18.169840 31.825856
2457356.727415 0.986139 0.000731 1.171756 18.221615 31.622914
2457356.727787 0.990889 0.000733 1.172284 18.468857 32.080515
2457356.728160 0.990107 0.000733 1.172820 18.123741 31.759701
2457356.728532 0.989175 0.000733 1.173362 18.224885 31.694441
2457356.728903 0.989597 0.000733 1.173910 18.225513 31.948399
2457356.729275 0.990426 0.000733 1.174465 18.122134 31.725414
2457356.729647 0.987311 0.000731 1.175026 18.700553 31.683011
2457356.730019 0.991007 0.000733 1.175596 18.142923 31.510428
2457356.730391 0.990459 0.000733 1.176171 18.184589 31.913072
2457356.730764 0.989056 0.000733 1.176755 18.620307 31.953147
2457356.731135 0.988715 0.000733 1.177344 18.227417 32.374140
2457356.731508 0.990873 0.000733 1.177940 18.245533 32.132014
2457356.731880 0.986442 0.000731 1.178543 18.580317 32.085747
2457356.732251 0.994011 0.000736 1.179153 18.342298 31.891705
2457356.732623 0.991670 0.000733 1.179768 18.216330 31.979992
2457356.732994 0.988434 0.000733 1.180390 18.213797 31.903192
2457356.733366 0.988656 0.000733 1.181021 18.497990 32.088344
2457356.733737 0.990317 0.000736 1.181657 18.630659 32.084290
2457356.734110 0.989728 0.000733 1.182302 18.610064 31.714185
2457356.734481 0.987784 0.000731 1.182953 18.268279 31.958561
2457356.734853 0.987344 0.000731 1.183610 18.674163 31.725999
2457356.735225 0.985939 0.000731 1.184275 19.534119 31.854623
2457356.735597 0.990535 0.000733 1.184948 18.651124 31.945859
2457356.735969 0.987630 0.000733 1.185627 18.840165 31.846274
2457356.736340 0.991445 0.000733 1.186313 18.588329 31.786359
2457356.736713 0.990471 0.000736 1.187008 18.752580 31.965779
2457356.737084 0.990439 0.000736 1.187707 18.797319 31.949406
2457356.737456 0.989473 0.000733 1.188414 19.119978 31.997305
2457356.737828 0.990087 0.000733 1.189130 18.803213 31.715935
2457356.738200 0.989650 0.000733 1.189851 18.852889 31.990225
2457356.738572 0.991627 0.000736 1.190582 19.191913 31.916351
2457356.738945 0.994456 0.000736 1.191318 19.061598 31.997223
2457356.739316 0.990707 0.000736 1.192061 19.319188 31.723478
2457356.739688 0.995697 0.000736 1.192811 19.642229 31.924166
2457356.740059 0.993770 0.000736 1.193568 19.589915 32.270979
2457356.740431 0.992906 0.000736 1.194334 19.175221 32.033226
2457356.740803 0.993285 0.000738 1.195107 19.612469 32.126054
2457356.741175 0.994213 0.000736 1.195887 18.756575 31.990647
2457356.741547 0.993394 0.000736 1.196674 19.596218 31.865437
2457356.741919 0.991738 0.000736 1.197469 19.560723 31.886572
2457356.742292 0.998055 0.000738 1.198274 19.664384 31.962663
2457356.742664 0.994966 0.000738 1.199084 19.188704 32.074124
2457356.743110 0.997026 0.000738 1.200065 19.211756 32.169895
2457356.743482 0.993619 0.000736 1.200892 19.258347 32.207326
2457356.743855 0.995942 0.000738 1.201727 19.424993 31.868880
2457356.744226 0.997279 0.000741 1.202567 19.617912 31.932048
2457356.744598 0.995846 0.000738 1.203415 19.764629 31.975273
2457356.744970 1.001375 0.000741 1.204272 19.726427 31.922453
2457356.745342 0.998462 0.000743 1.205135 19.798736 32.432587
2457356.745715 0.997696 0.000741 1.206009 19.660991 32.309006
2457356.746086 0.996898 0.000738 1.206887 19.652623 32.103053
2457356.746459 0.997878 0.000741 1.207775 19.784826 32.193571
2457356.746831 0.999420 0.000741 1.208671 19.605088 31.969884
2457356.747203 0.997391 0.000738 1.209573 19.670040 31.999483
2457356.747575 1.000411 0.000741 1.210483 19.851393 32.275862
2457356.747947 0.998212 0.000738 1.211401 19.519314 31.965676
2457356.748318 0.996271 0.000738 1.212326 20.275723 32.321753
2457356.748690 1.003571 0.000743 1.213258 19.826489 32.169477
2457356.749062 0.994857 0.000738 1.214200 19.737810 32.287873
2457356.749434 0.999704 0.000741 1.215150 19.823375 32.354008
2457356.749806 1.002156 0.000743 1.216107 20.244507 31.965314
2457356.750178 1.001400 0.000741 1.217072 20.051153 32.231050
2457356.750550 0.997211 0.000738 1.218045 19.657297 32.498401
2457356.750921 1.000839 0.000741 1.219025 19.838792 32.075502
2457356.751439 0.999317 0.000741 1.220404 19.730467 32.444730
2457356.751812 0.999638 0.000743 1.221407 20.370417 32.216363
2457356.752184 0.999855 0.000743 1.222416 20.288979 32.410588
2457356.752555 0.999888 0.000741 1.223431 20.189266 32.219367
2457356.752927 0.999625 0.000741 1.224455 19.570450 32.100792
2457356.753299 0.999130 0.000743 1.225489 20.236521 32.298391
2457356.753670 1.005028 0.000746 1.226529 20.176897 32.412855
2457356.754042 1.000624 0.000743 1.227578 19.833818 32.466844
2457356.754414 1.000775 0.000746 1.228636 20.297884 32.820447
2457356.754786 0.999423 0.000743 1.229703 20.701095 32.475728
2457356.755158 0.995222 0.000741 1.230777 20.691308 32.179597
2457356.755530 0.997408 0.000741 1.231859 20.675232 32.426319
2457356.755902 1.001430 0.000746 1.232952 20.287661 32.699809
2457356.756274 0.998146 0.000741 1.234053 19.779636 32.374667
2457356.756646 1.000212 0.000743 1.235161 20.158012 32.303578
2457356.757019 0.998943 0.000741 1.236279 20.632511 32.104630
2457356.757392 0.997767 0.000741 1.237409 20.634704 32.235322
2457356.757764 1.001809 0.000743 1.238543 20.026282 32.237415
2457356.758135 1.001443 0.000743 1.239684 20.176484 32.271267
2457356.758506 1.001241 0.000746 1.240833 20.625486 32.317726
2457356.758879 1.003468 0.000746 1.241995 20.136737 32.562945
2457356.759250 1.000821 0.000746 1.243162 20.714407 32.685691
2457356.759622 1.003973 0.000746 1.244338 20.715139 32.497436
2457356.759993 1.001033 0.000743 1.245524 20.661406 32.211164
2457356.760365 1.001182 0.000743 1.246720 20.232434 32.542520
2457356.760737 1.002191 0.000743 1.247923 20.621418 32.099509
2457356.761109 1.002282 0.000746 1.249137 20.758582 32.519559
2457356.761481 0.999888 0.000743 1.250359 20.599968 32.457897
2457356.761852 0.999309 0.000743 1.251587 20.759786 32.345187
2457356.762224 1.001675 0.000743 1.252828 20.779636 31.900606
2457356.762596 1.000470 0.000743 1.254078 20.847412 32.575545
2457356.762968 1.003121 0.000746 1.255335 21.235232 32.643891
2457356.763415 1.000950 0.000746 1.256859 20.791375 32.371230
2457356.763787 0.999130 0.000746 1.258141 21.299478 32.263883
2457356.764159 0.998528 0.000743 1.259428 20.814615 32.389898
2457356.764531 1.000720 0.000743 1.260726 21.326300 32.212031
2457356.764903 1.001165 0.000746 1.262031 20.782936 32.417067
2457356.765275 0.998422 0.000743 1.263348 21.241940 32.435239
2457356.765647 1.001509 0.000743 1.264675 20.802813 32.088601
2457356.766019 0.996425 0.000741 1.266010 21.104190 32.349240
2457356.766391 1.000523 0.000746 1.267355 21.649406 32.153417
2457356.766762 0.999941 0.000743 1.268706 21.566072 32.249163
2457356.767135 0.998624 0.000743 1.270071 21.247374 32.362180
2457356.767506 1.001028 0.000746 1.271442 21.744521 32.043275
2457356.767878 1.001372 0.000746 1.272825 21.807204 32.118609
2457356.768249 0.998788 0.000743 1.274216 21.715062 32.260328
2457356.768621 1.003389 0.000748 1.275618 21.278919 32.598744
2457356.768993 1.000917 0.000746 1.277030 21.798528 32.210953
2457356.769367 0.999064 0.000746 1.278459 21.622302 32.480183
2457356.769739 0.995945 0.000743 1.279891 22.075188 32.228436
2457356.770111 1.000882 0.000748 1.281334 21.736312 32.372527
2457356.770482 1.001112 0.000748 1.282784 21.873997 32.898881
2457356.770854 0.998920 0.000746 1.284247 22.667166 32.626939
2457356.771226 0.996084 0.000743 1.285720 22.152930 32.563786
2457356.771599 0.998776 0.000746 1.287205 21.766414 32.507797
2457356.772043 1.002982 0.000748 1.288988 22.205933 32.203025
2457356.772417 1.000889 0.000746 1.290501 21.698615 32.495194
2457356.772788 0.998960 0.000746 1.292014 21.802315 32.291298
2457356.773160 1.001941 0.000746 1.293542 21.691105 32.190057
2457356.773532 0.996582 0.000743 1.295076 22.291990 32.302239
2457356.773904 0.999863 0.000746 1.296623 22.296094 31.877222
2457356.774276 1.000171 0.000746 1.298182 22.266351 32.313615
2457356.774647 1.000980 0.000748 1.299746 22.186508 32.565051
2457356.775019 1.001200 0.000748 1.301326 22.281731 32.413190
2457356.775392 0.998081 0.000746 1.302917 22.281890 32.622318
2457356.775763 0.998816 0.000746 1.304517 21.868786 32.587310
2457356.776136 0.999630 0.000746 1.306132 22.242169 32.550448
2457356.776508 1.002836 0.000748 1.307753 21.861557 32.393847
2457356.776880 0.998862 0.000746 1.309387 22.185805 32.728067
2457356.777252 0.999201 0.000746 1.311032 21.900043 32.773232
2457356.777624 1.000257 0.000748 1.312686 22.314821 32.497582
2457356.777996 0.999868 0.000748 1.314353 22.571964 32.436948
2457356.778368 0.998710 0.000746 1.316029 22.318888 32.525701
2457356.778740 1.000775 0.000748 1.317719 22.356187 32.746315
2457356.779111 0.996437 0.000746 1.319416 22.709875 32.627939
2457356.779483 0.997628 0.000746 1.321127 22.321227 32.401409
2457356.779854 1.000138 0.000748 1.322845 23.222827 32.658285
2457356.780227 0.997193 0.000746 1.324580 22.923683 32.678619
2457356.780671 0.999865 0.000748 1.326668 22.722875 32.471016
2457356.781044 0.997320 0.000748 1.328433 22.804730 32.881884
2457356.781416 1.002409 0.000751 1.330205 22.832229 32.428236
2457356.781788 0.998141 0.000748 1.331987 23.275822 32.501474
2457356.782161 0.999891 0.000748 1.333786 23.255607 32.600392
2457356.782532 0.998285 0.000746 1.335590 22.891148 32.627218
2457356.782905 0.997886 0.000746 1.337412 23.323713 32.328700
2457356.783277 1.001536 0.000751 1.339243 23.435183 32.914781
2457356.783649 0.998146 0.000748 1.341085 23.312709 32.816509
2457356.784020 0.999888 0.000748 1.342937 23.333538 32.716624
2457356.784392 0.999514 0.000748 1.344805 23.297007 32.959772
2457356.784764 1.000616 0.000748 1.346684 22.883728 32.386858
2457356.785136 0.998146 0.000748 1.348576 22.844557 32.647457
2457356.785508 0.999228 0.000748 1.350481 22.990352 32.796887
2457356.785879 1.000601 0.000751 1.352392 23.802439 32.414414
2457356.786251 1.001837 0.000751 1.354320 23.390599 32.645199
2457356.786622 0.997039 0.000748 1.356262 23.612595 32.646228
2457356.786995 0.997471 0.000748 1.358217 23.483183 32.907699
2457356.787367 0.996807 0.000748 1.360185 23.435297 32.566230
2457356.787738 1.000401 0.000751 1.362162 23.638825 32.816531
2457356.788110 0.999863 0.000753 1.364157 24.236679 33.144970
2457356.788483 0.999539 0.000753 1.366166 24.203095 32.912425
2457356.788854 1.000634 0.000756 1.368182 24.342390 32.967658
2457356.789226 1.000818 0.000753 1.370216 23.987047 32.940276
2457356.789598 0.999784 0.000751 1.372261 23.937039 32.753196
2457356.789970 1.000965 0.000751 1.374320 24.292436 32.660174
2457356.790342 0.999812 0.000751 1.376394 24.135344 32.619555
2457356.790714 0.997509 0.000751 1.378483 24.120168 32.739424
2457356.791086 0.997775 0.000751 1.380584 23.750557 33.019901
2457356.791459 1.002082 0.000753 1.382700 23.938029 32.954279
2457356.791831 1.000581 0.000756 1.384828 24.225902 33.244465
2457356.792203 0.998541 0.000753 1.386968 24.777845 32.789433
2457356.792574 1.000088 0.000753 1.389121 24.274569 32.910372
2457356.792948 0.998993 0.000753 1.391302 24.307215 33.070905
2457356.793319 0.999064 0.000751 1.393482 24.390362 32.455256
2457356.793692 1.001215 0.000753 1.395682 24.528974 32.813614
2457356.794065 1.002130 0.000753 1.397898 24.313346 32.959688
2457356.794436 0.998354 0.000751 1.400123 24.719253 32.634357
2457356.794808 1.001306 0.000753 1.402365 24.865773 32.725505
2457356.795180 0.998639 0.000751 1.404619 24.307700 32.654415
2457356.795553 0.996028 0.000751 1.406893 24.869067 32.865250
2457356.795925 0.998424 0.000751 1.409182 24.924369 32.725518
2457356.796298 0.997097 0.000751 1.411483 24.684944 32.969524
2457356.796669 0.997944 0.000751 1.413795 24.786053 32.487241
2457356.797041 0.999178 0.000753 1.416124 24.293533 32.921133
2457356.797413 1.000520 0.000753 1.418471 24.409943 32.674791
2457356.797785 0.999509 0.000753 1.420829 25.307748 32.555131
2457356.798156 1.001104 0.000753 1.423202 24.388855 32.709743
2457356.798529 0.997517 0.000753 1.425593 25.273089 32.872489
2457356.798900 0.997492 0.000751 1.428000 25.190447 32.948639
2457356.799272 0.999201 0.000753 1.430420 25.262220 32.672754
2457356.799644 1.000793 0.000756 1.432858 25.358331 32.947434
2457356.800016 0.999451 0.000753 1.435314 24.906554 32.763189
2457356.800388 1.000712 0.000753 1.437784 24.842964 32.763665
2457356.800760 1.000679 0.000753 1.440267 24.891896 32.691948
2457356.801132 0.997272 0.000753 1.442771 25.253656 32.713977
2457356.801505 0.998098 0.000753 1.445291 24.957589 32.683350
2457356.801877 0.996774 0.000753 1.447827 25.260635 33.076639
2457356.802249 0.997064 0.000753 1.450378 24.817300 32.830798
2457356.802620 1.001031 0.000756 1.452945 25.706332 32.901591
2457356.802993 1.002118 0.000756 1.455535 24.940425 32.773243
2457356.803365 0.996829 0.000753 1.458134 25.748186 32.606729
2457356.803738 1.001006 0.000756 1.460763 25.359329 33.005163
2457356.804109 0.996839 0.000753 1.463392 25.337957 32.980693
2457356.804482 1.001051 0.000758 1.466046 25.744679 33.196815
2457356.804853 1.000015 0.000756 1.468715 24.994716 32.950394
2457356.805225 0.998806 0.000756 1.471402 25.402254 33.076238
2457356.805597 1.002275 0.000761 1.474102 25.933623 33.113581
2457356.805969 1.000184 0.000758 1.476824 25.929020 33.272554
2457356.806341 0.999929 0.000756 1.479567 25.906475 33.046323
2457356.806712 1.001617 0.000758 1.482324 25.445320 33.175303
2457356.807085 1.002616 0.000758 1.485104 25.525428 32.820517
2457356.807457 0.998220 0.000758 1.487898 26.388018 33.354274
2457356.807829 0.999552 0.000758 1.490710 26.317121 33.131766
2457356.808201 0.994572 0.000756 1.493544 26.353173 32.982084
2457356.808573 0.997203 0.000756 1.496396 26.391625 32.929530
2457356.808945 0.999304 0.000758 1.499267 26.229154 32.866700
2457356.809317 1.000629 0.000758 1.502150 26.456315 33.019265
2457356.809689 0.999448 0.000761 1.505057 26.866652 32.953569
2457356.810061 0.996400 0.000758 1.507983 26.331489 33.032912
