2457444.652798	1.002570	0.000680	1.174597	31.370219	837.701810	1219.876001
2457444.654221	1.000997	0.000684	1.169906	32.208701	836.352166	1218.881778
2457444.655031	1.000168	0.000684	1.167290	32.253066	837.337703	1220.910982
2457444.656562	1.002093	0.000685	1.162438	31.786834	836.636313	1218.728309
2457444.658096	1.000596	0.000684	1.157715	32.205928	838.641530	1222.776976
2457444.661002	1.000374	0.000682	1.149108	31.827700	837.881346	1217.386052
2457444.662658	1.001525	0.000688	1.144412	32.166248	839.400909	1215.378861
2457444.664449	1.001606	0.000682	1.139491	31.999730	838.777303	1219.563837
2457444.665980	1.000930	0.000682	1.135418	31.817506	838.356324	1220.896395
2457444.667514	1.003377	0.000684	1.131455	32.347394	839.216890	1217.960635
2457444.669048	1.000908	0.000682	1.127605	31.486972	836.410067	1216.255644
2457444.670586	1.001048	0.000682	1.123867	32.039488	836.501657	1218.602808
2457444.672118	1.002022	0.000682	1.120251	31.522083	837.502765	1218.705084
2457444.673648	1.001339	0.000681	1.116757	31.345630	836.904403	1218.254195
2457444.675184	1.001647	0.000682	1.113357	31.882037	838.446698	1222.450855
2457444.676844	1.000593	0.000681	1.109802	31.299051	836.747965	1217.048167
2457444.678376	1.000621	0.000681	1.106634	30.517167	838.884832	1214.705402
2457444.679910	1.001509	0.000683	1.103567	31.809969	837.710020	1214.106391
2457444.681444	1.001248	0.000683	1.100604	31.264079	837.657908	1216.896964
2457444.682976	1.003317	0.000686	1.097751	31.979044	837.630258	1223.792868
2457444.684508	1.000392	0.000686	1.094998	32.419187	837.348457	1221.860026
2457444.686040	0.999750	0.000685	1.092345	32.434572	836.947154	1222.927844
2457444.687575	1.001865	0.000688	1.089791	32.484905	838.538845	1222.631862
2457444.689107	0.999850	0.000688	1.087335	32.313611	836.930176	1226.525545
2457444.690643	1.002852	0.000691	1.084976	33.012215	838.678321	1219.385136
2457444.692177	1.002759	0.000691	1.082712	32.366449	837.764379	1219.331778
2457444.693708	0.999638	0.000689	1.080549	31.776089	836.211046	1218.407901
2457444.695367	1.000472	0.000691	1.078314	32.257058	839.196683	1218.010897
2457444.696901	1.001664	0.000692	1.076339	31.869391	836.690786	1226.172268
2457444.698432	1.000350	0.000691	1.074467	32.178592	835.593967	1217.972609
2457444.699963	1.001446	0.000692	1.072688	31.334435	837.227097	1216.470158
2457444.701495	1.001415	0.000694	1.070996	32.370801	837.458838	1220.380520
2457444.703027	1.001468	0.000694	1.069397	31.973066	836.994240	1221.241244
2457444.704558	1.001549	0.000694	1.067888	32.055331	837.496159	1219.928004
2457444.706094	0.999366	0.000693	1.066464	32.117163	836.354887	1220.821725
2457444.707877	1.001206	0.000694	1.064925	31.717118	837.568064	1218.978449
2457444.709409	1.001331	0.000695	1.063693	32.932935	836.911181	1227.304698
2457444.710944	1.002107	0.000696	1.062551	32.285998	836.773355	1222.502616
2457444.712602	1.000093	0.000695	1.061416	32.258992	837.723385	1220.880313
2457444.714138	0.999860	0.000695	1.060454	31.691252	837.508637	1224.513460
2457444.715795	1.000670	0.000696	1.059515	32.110524	836.306509	1227.250284
2457444.717326	1.002246	0.000697	1.058739	32.570740	836.890760	1225.432773
2457444.718858	1.000044	0.000695	1.058047	31.775564	837.550072	1222.202015
2457444.720515	1.000371	0.000696	1.057395	31.929590	837.206428	1220.905939
2457444.722050	1.000511	0.000696	1.056878	31.936992	837.289979	1220.738124
2457444.723583	1.001047	0.000696	1.056451	31.842217	836.199107	1220.078867
2457444.725116	1.002417	0.000697	1.056105	32.603951	837.315209	1224.098948
2457444.726676	1.000668	0.000696	1.055846	32.145419	838.460922	1221.036130
2457444.728196	1.000594	0.000696	1.055667	32.447967	834.942363	1225.075704
2457444.729946	1.001120	0.000696	1.055580	32.154434	837.991029	1220.722313
2457444.731482	1.000766	0.000697	1.055584	32.099557	836.151772	1225.830237
2457444.733046	0.997164	0.000692	1.055683	31.968127	836.939627	1225.626738
2457444.734569	1.001850	0.000696	1.055864	31.662999	838.323746	1223.826626
2457444.736103	1.000819	0.000699	1.056127	32.586716	836.638248	1222.907624
2457444.737640	0.999424	0.000696	1.056474	31.248814	837.331134	1230.028808
2457444.739174	1.000095	0.000697	1.056912	32.008812	836.051425	1225.827983
2457444.740930	0.999961	0.000696	1.057516	31.584113	835.598246	1222.673944
2457444.742587	1.001432	0.000699	1.058190	32.104775	837.500889	1225.039391
2457444.744121	0.999573	0.000697	1.058900	32.302128	836.339134	1224.622279
2457444.745684	0.998906	0.000698	1.059712	32.135827	836.579675	1228.748242
2457444.747324	1.000825	0.000699	1.060665	32.259721	837.315589	1227.784988
2457444.748971	1.001164	0.000699	1.061725	32.260439	837.082834	1220.862163
2457444.750495	0.999787	0.000698	1.062787	31.944493	836.825240	1223.396062
2457444.752241	0.998884	0.000696	1.064118	31.731104	834.813883	1224.315434
2457444.753809	0.998979	0.000696	1.065400	31.873630	836.295353	1229.241307
2457444.755334	1.003037	0.000699	1.066751	32.156468	836.883619	1221.514637
2457444.756984	0.999382	0.000699	1.068299	32.311988	835.675896	1227.306351
2457444.758622	1.002126	0.000699	1.069943	32.109027	836.780021	1225.300404
2457444.760144	1.001502	0.000699	1.071566	32.025128	836.752633	1225.625316
2457444.761792	0.999104	0.000700	1.073420	32.216822	837.543491	1229.291993
2457444.763437	1.000870	0.000698	1.075385	32.025141	836.561508	1221.288826
2457444.765080	0.997535	0.000698	1.077442	32.387368	836.406632	1229.744229
2457444.766727	0.999693	0.000699	1.079621	31.783984	837.188703	1224.895364
2457444.768479	0.997904	0.000699	1.082058	32.112321	836.119563	1221.591218
2457444.770144	0.996928	0.000699	1.084477	31.889956	835.351421	1223.208137
2457444.771785	0.996438	0.000699	1.086982	31.612048	835.371872	1224.884730
2457444.773432	0.994612	0.000699	1.089607	32.831732	836.881233	1230.978517
2457444.775077	0.995542	0.000700	1.092341	32.465061	836.620990	1229.728995
2457444.776724	0.992888	0.000698	1.095195	32.772341	834.943357	1228.563913
2457444.778373	0.992209	0.000698	1.098174	31.956367	837.824561	1228.860376
2457444.780017	0.990084	0.000698	1.101262	32.003734	836.110769	1226.637677
2457444.781663	0.991997	0.000700	1.104470	32.231290	837.545677	1227.870355
2457444.783308	0.992250	0.000699	1.107789	32.082559	838.742639	1234.258640
2457444.784945	0.990402	0.000699	1.111228	32.241458	836.479410	1232.324493
2457444.786688	0.992448	0.000700	1.115020	31.978415	837.834290	1229.040141
2457444.788250	0.991304	0.000702	1.118538	31.915938	837.665063	1228.961636
2457444.789884	0.991038	0.000701	1.122347	32.310126	837.238031	1227.945509
2457444.791532	0.990697	0.000701	1.126309	32.508426	838.600163	1231.987952
2457444.793180	0.991645	0.000702	1.130412	31.800844	837.782056	1223.754337
2457444.794828	0.990500	0.000702	1.134645	32.336121	836.656335	1227.041245
2457444.796471	0.991072	0.000702	1.138996	31.720100	837.372819	1227.261115
2457444.798109	0.990305	0.000703	1.143485	31.848037	836.438289	1222.491581
2457444.799759	0.991035	0.000703	1.148135	31.992806	839.274823	1228.407216
2457444.801504	0.988443	0.000702	1.153215	31.411342	836.985657	1228.572423
2457444.803242	0.990123	0.000703	1.158433	31.299968	837.718014	1230.523693
2457444.804902	0.990467	0.000704	1.163577	31.158213	837.263102	1228.603566
2457444.806465	0.987305	0.000703	1.168552	31.065961	836.624096	1231.777258
2457444.808106	0.989120	0.000704	1.173942	31.033726	837.735831	1227.307428
2457444.809742	0.985880	0.000703	1.179472	31.225592	838.256143	1227.418796
2457444.811379	0.989059	0.000705	1.185153	31.404142	838.179532	1229.364726
2457444.813015	0.989290	0.000708	1.190992	31.686530	835.723716	1230.763485
2457444.814652	0.993144	0.000710	1.197026	31.800934	838.949347	1226.687486
2457444.816394	0.990745	0.000708	1.203596	31.110363	839.091197	1232.857118
2457444.817957	0.989923	0.000710	1.209680	31.706804	837.498650	1230.392478
2457444.819595	0.987522	0.000711	1.216214	32.028055	837.731764	1232.476564
2457444.821243	0.988817	0.000711	1.222992	31.971321	839.175537	1228.937428
2457444.822881	0.989358	0.000712	1.229897	32.055653	837.699789	1228.457797
2457444.824625	0.990284	0.000713	1.237461	31.919176	838.996020	1229.259739
2457444.826286	0.988292	0.000713	1.244864	31.955862	838.619722	1231.613506
2457444.827847	0.989054	0.000716	1.252010	32.601176	838.141945	1232.221773
2457444.829493	0.989560	0.000717	1.259778	32.026015	838.185623	1223.632288
2457444.831131	0.986696	0.000716	1.267680	32.055218	836.114475	1226.673972
2457444.832777	0.989228	0.000719	1.275847	32.236002	838.550763	1226.207614
2457444.834516	0.990195	0.000720	1.284710	32.680450	838.275676	1228.447731
2457444.836079	0.988398	0.000719	1.292900	32.577683	839.105522	1227.479134
2457444.837715	0.988737	0.000721	1.301705	32.131112	837.995738	1222.650831
2457444.839357	0.987211	0.000721	1.310767	32.126018	837.484272	1225.775679
2457444.841101	0.991832	0.000726	1.320665	32.281576	838.094873	1223.933494
2457444.842663	0.988209	0.000725	1.329759	32.370147	837.220052	1226.242290
2457444.844302	0.990449	0.000726	1.339577	31.820021	839.385935	1224.712107
2457444.845942	0.987530	0.000726	1.349629	31.793856	837.255479	1233.148835
2457444.847586	0.989181	0.000727	1.360024	31.650371	838.177365	1226.931956
2457444.849223	0.988704	0.000728	1.370639	31.933641	839.523155	1228.453212
2457444.850862	0.989423	0.000730	1.381530	31.953291	837.628664	1231.775281
2457444.852502	0.988803	0.000731	1.392764	31.856555	838.948204	1226.097168
2457444.854140	0.986131	0.000732	1.404270	31.812690	838.141022	1226.771291
2457444.855788	0.984933	0.000731	1.416148	31.536711	837.241398	1231.306035
2457444.857436	0.985034	0.000732	1.428368	31.618947	840.101327	1233.175734
2457444.859071	0.988661	0.000735	1.440842	31.746288	838.841314	1231.829524
2457444.860708	0.990259	0.000739	1.453687	31.975354	839.935784	1226.238751
2457444.862346	0.989079	0.000739	1.466850	31.474744	838.210122	1232.654884
2457444.863993	0.986462	0.000739	1.480511	31.387222	838.216950	1234.325719
2457444.865641	0.987889	0.000741	1.494541	31.606526	839.108179	1231.511116
2457444.867276	0.985667	0.000742	1.508885	31.359724	838.552805	1230.279742
2457444.868915	0.988838	0.000745	1.523634	31.447102	838.632698	1230.732143
2457444.870568	0.987001	0.000746	1.538950	31.686142	838.674670	1232.622855
2457444.872216	0.987408	0.000748	1.554672	31.384857	838.717468	1230.488033
2457444.874028	0.989565	0.000750	1.572478	31.491702	838.398394	1232.159424
2457444.875773	0.987841	0.000751	1.590159	31.781456	837.485665	1231.438272
2457444.877513	0.987267	0.000754	1.608365	32.048290	838.729274	1231.880772
2457444.879163	0.988525	0.000755	1.626163	31.872174	838.330616	1232.499928
2457444.880810	0.989370	0.000760	1.644478	31.674852	838.333278	1230.360891
2457444.882550	0.985741	0.000759	1.664436	31.663951	839.539230	1230.078873
2457444.884071	0.990652	0.000765	1.682368	31.526385	839.540311	1233.944215
2457444.885822	0.992080	0.000768	1.703691	31.770816	839.556521	1230.841876
2457444.887765	0.993767	0.000772	1.728155	31.894771	838.483147	1229.720670
2457444.889383	0.992846	0.000774	1.749219	32.206056	840.561620	1231.135574
2457444.890945	0.994121	0.000778	1.770212	32.059502	839.097421	1228.431556
2457444.892589	0.992386	0.000779	1.792945	32.094471	839.122326	1230.994859
2457444.894230	0.987523	0.000778	1.816416	32.138058	837.618761	1233.642794
2457444.895880	0.994483	0.000787	1.840802	32.623777	838.967770	1231.391085
2457444.897619	0.996990	0.000790	1.867446	31.739556	838.211687	1223.297175
2457444.899276	0.996389	0.000793	1.893692	31.583445	840.035126	1226.745221
2457444.900840	0.994226	0.000794	1.919240	31.326569	838.673415	1226.057142
2457444.902577	0.997926	0.000800	1.948604	31.335848	839.802577	1228.325547
2457444.904214	0.996189	0.000803	1.977244	31.460017	838.436306	1228.714350
2457444.905963	1.000167	0.000810	2.009003	31.582705	837.690840	1228.054050
2457444.907600	0.997203	0.000810	2.039807	31.468143	839.472365	1227.060256
2457444.909238	0.993304	0.000811	2.071819	31.543925	839.186863	1227.633162
2457444.910759	0.994420	0.000814	2.102480	31.571643	839.633889	1233.411377
2457444.912411	0.993265	0.000820	2.137078	31.703384	839.988921	1232.917523
2457444.914018	1.001074	0.000831	2.171997	32.155740	839.570592	1231.883876
2457444.915581	0.997771	0.000833	2.207203	32.056783	839.650246	1234.979930
2457444.917219	0.997735	0.000842	2.245502	32.244812	840.497864	1235.215021
2457444.918838	0.996901	0.000845	2.284843	32.244875	840.662982	1233.709274
2457444.920400	0.998688	0.000852	2.324308	32.859156	839.020076	1235.162109
2457444.921919	0.999355	0.000857	2.364180	32.556538	838.426168	1233.156673
2457444.923539	0.992591	0.000858	2.408305	32.425274	840.686419	1234.835817
2457444.925205	0.998603	0.000868	2.455652	33.312732	836.976062	1228.139681
2457444.926726	0.995604	0.000873	2.500688	32.741079	839.333703	1236.025474
2457444.928355	1.004102	0.000887	2.550956	33.192460	839.230631	1236.576038
2457444.929889	0.996298	0.000887	2.600383	32.446005	839.073451	1232.120453
2457444.931455	0.995493	0.000895	2.652977	33.016229	840.550774	1233.115944
2457444.932980	1.001193	0.000904	2.706404	32.472211	839.651582	1235.092787
2457444.934629	0.993596	0.000900	2.766805	32.055818	838.131126	1235.634169
2457444.936153	0.989844	0.000912	2.825215	31.963700	839.432751	1238.399163
2457444.937689	0.993041	0.000922	2.886823	31.682400	840.300415	1236.077853
2457444.939347	0.995260	0.000928	2.956467	32.041823	839.925862	1236.318675
2457444.940993	0.991991	0.000941	3.029182	32.176765	840.469279	1237.782785
2457444.942528	1.001884	0.000960	3.100523	32.282415	838.737337	1235.402125
2457444.944145	0.995174	0.000968	3.179465	31.854289	840.517652	1237.297372
2457444.945709	0.998481	0.000975	3.259889	32.189674	839.156001	1237.924767
2457444.947234	0.991796	0.000988	3.342441	32.754677	838.372932	1237.182361
2457444.948769	0.987006	0.000999	3.430078	32.092259	840.464982	1237.462676
