2457478.634768	0.999188	0.000391	1.055929	29298754.965866	
2457478.635746	0.999974	0.000391	1.055915	29323043.816109	
2457478.636724	0.999683	0.000391	1.055936	29352268.539425	
2457478.637700	1.002596	0.000391	1.055991	29342680.394270	
2457478.638675	0.999214	0.000390	1.056081	29355297.650707	
2457478.639720	0.999969	0.000391	1.056217	29323074.276176	
2457478.640767	1.000181	0.000391	1.056390	29290162.597239	
2457478.641744	0.997940	0.000390	1.056589	29413962.346470	
2457478.642721	1.001140	0.000391	1.056822	29347450.213080	
2457478.643752	1.000493	0.000391	1.057106	29357442.246820	
2457478.644784	1.000775	0.000392	1.057428	29260447.449640	
2457478.645760	0.998073	0.000391	1.057769	29334106.770739	
2457478.646739	1.001240	0.000392	1.058146	29256625.397757	
2457478.647714	0.999045	0.000391	1.058556	29255953.441293	
2457478.648822	0.998534	0.000392	1.059064	29187137.610727	
2457478.649797	0.997655	0.000392	1.059549	29170713.050359	
2457478.650772	0.996748	0.000391	1.060068	29272182.299424	
2457478.651861	0.997455	0.000391	1.060690	29207478.675858	
2457478.652838	0.997914	0.000392	1.061285	29137567.420709	
2457478.654954	0.997444	0.000396	1.062695	28678978.861285	
2457478.655933	0.996009	0.000392	1.063404	29059598.117705	
2457478.656911	0.994931	0.000392	1.064147	29111330.438262	
2457478.657894	0.994318	0.000392	1.064931	29046532.092099	
2457478.658939	0.992593	0.000390	1.065806	29291711.281472	
2457478.659982	0.993877	0.000390	1.066718	29309557.789594	
2457478.660962	0.992393	0.000390	1.067613	29269356.584909	
2457478.661941	0.990484	0.000390	1.068544	29265563.004551	
2457478.663052	0.990581	0.000390	1.069645	29235768.787784	
2457478.664163	0.991676	0.000391	1.070795	29159786.276153	
2457478.665342	0.993401	0.000391	1.072065	29128209.198674	
2457478.666415	0.990066	0.000391	1.073268	29089112.908203	
2457478.667435	0.991326	0.000391	1.074454	29158379.621920	
2457478.668459	0.993381	0.000391	1.075686	29187217.631674	
2457478.669469	0.989675	0.000390	1.076942	29152783.419815	
2457478.670489	0.992363	0.000392	1.078251	29035034.945056	
2457478.671523	0.990478	0.000390	1.079620	29204477.813326	
2457478.672558	0.993722	0.000391	1.081034	29210482.700960	
2457478.673684	0.990970	0.000391	1.082621	29163373.466204	
2457478.674690	0.991194	0.000391	1.084082	29062785.099900	
2457478.675685	0.992229	0.000396	1.085570	28574050.021155	
2457478.678298	0.992215	0.000394	1.089670	28815675.048899	
2457478.681605	0.990705	0.000392	1.095282	29009166.808552	
2457478.683313	0.990353	0.000391	1.098344	29037311.064379	
2457478.684370	0.989520	0.000392	1.100311	28961971.066878	
2457478.685922	0.991334	0.000393	1.103294	28864447.076069	
2457478.692004	0.987507	0.000391	1.115998	29048830.595818	
2457478.693040	0.988950	0.000391	1.118332	29125247.256604	
2457478.694073	0.989557	0.000391	1.120710	29110541.482976	
2457478.695048	0.991004	0.000392	1.123002	28966839.242096	
2457478.713129	0.990090	0.000395	1.174285	28635720.421743	
2457478.719077	0.988150	0.000392	1.195179	28872138.819563	
2457478.720805	0.989614	0.000392	1.201618	29015463.199458	
2457478.721781	0.989057	0.000392	1.205357	28984602.641192	
2457478.722761	0.989371	0.000392	1.209173	28874107.138676	
2457478.723804	0.992014	0.000397	1.213306	28358456.133858	
2457478.725044	0.990630	0.000394	1.218314	28743786.314085	
2457478.726091	0.991311	0.000394	1.222621	28730251.318312	
2457478.727136	0.991821	0.000395	1.227000	28717417.247456	
2457478.728341	0.990523	0.000394	1.232136	28740380.933924	
2457478.729384	0.991944	0.000394	1.236673	28804713.844365	
2457478.730429	0.993426	0.000395	1.241291	28736077.731883	
2457478.731516	0.991106	0.000394	1.246183	28746613.655287	
2457478.732492	0.990439	0.000394	1.250651	28744907.425948	
2457478.733577	0.991144	0.000395	1.255699	28669949.431628	
2457478.734552	0.993352	0.000398	1.260317	28315377.217309	
2457478.736148	0.990816	0.000396	1.268031	28482108.661041	
2457478.737125	0.990635	0.000395	1.272850	28644759.216147	
2457478.738102	0.990146	0.000394	1.277754	28760927.110067	
2457478.739082	0.990823	0.000394	1.282746	28779789.136843	
2457478.740057	0.992222	0.000395	1.287794	28661809.164500	
2457478.741278	0.990420	0.000395	1.294237	28660235.606965	
2457478.742500	0.991003	0.000395	1.300802	28609188.387144	
2457478.743476	0.991377	0.000395	1.306143	28577917.457164	
2457478.744453	0.991490	0.000396	1.311572	28481799.111889	
2457478.745437	0.991701	0.000396	1.317134	28538806.035501	
2457478.746552	0.990567	0.000395	1.323539	28570401.123040	
2457478.747768	0.991809	0.000396	1.330664	28536188.373372	
2457478.748745	0.992781	0.000398	1.336486	28265764.078821	
2457478.749787	0.991279	0.000398	1.342805	28328962.816178	
2457478.751083	0.989206	0.000398	1.350812	28257642.498361	
2457478.752812	0.990463	0.000397	1.361756	28305065.990702	
2457478.753842	0.993344	0.000403	1.368429	27787990.302985	
2457478.755006	0.991633	0.000398	1.376102	28272593.381773	
2457478.756117	0.993044	0.000403	1.383564	27698879.616854	
2457478.757100	0.992450	0.000399	1.390279	28216249.223367	
2457478.758081	0.991825	0.000399	1.397088	28201471.188163	
2457478.759058	0.992558	0.000399	1.403988	28152667.034598	
2457478.760039	0.993449	0.000400	1.411026	28147159.047628	
2457478.761022	0.993342	0.000401	1.418189	27958881.559739	
2457478.762068	0.993037	0.000400	1.425947	28117131.181094	
2457478.763118	0.993072	0.000399	1.433864	28206663.353165	
2457478.764095	0.991478	0.000399	1.441357	28183625.681805	
2457478.765073	0.993273	0.000400	1.448993	28137547.518328	
2457478.766394	0.994194	0.000400	1.459501	28191176.502298	
2457478.767604	0.992853	0.000400	1.469314	28076325.104753	
2457478.768589	0.992938	0.000400	1.477467	28050080.526850	
2457478.769697	0.994359	0.000401	1.486799	28000661.429621	
2457478.770674	0.991289	0.000401	1.495168	27989960.816521	
2457478.771668	0.994393	0.000402	1.503842	27896089.380146	
2457478.772771	0.992894	0.000402	1.513629	27836953.403893	
2457478.773881	0.993466	0.000402	1.523678	27864412.056925	
2457478.774984	0.993785	0.000403	1.533842	27822113.040545	
2457478.776037	0.994887	0.000403	1.543732	27875165.579988	
2457478.777148	0.998150	0.000403	1.554364	27852623.693064	
2457478.778221	0.998125	0.000403	1.564828	27821352.372409	
2457478.779205	0.996453	0.000404	1.574605	27753778.423284	
2457478.780203	0.999285	0.000404	1.584704	27713225.409975	
2457478.781200	0.998727	0.000406	1.594960	27628449.271811	
2457478.782317	1.000223	0.000406	1.606664	27595791.889219	
2457478.783455	0.998085	0.000407	1.618849	27425401.040270	
2457478.784444	1.002566	0.000408	1.629630	27465751.832703	
2457478.785558	1.001489	0.000407	1.642019	27453288.402884	
2457478.786805	1.001531	0.000408	1.656182	27382161.321107	
2457478.787817	0.997327	0.000407	1.667909	27389083.177893	
2457478.788997	1.001066	0.000408	1.681878	27327456.339174	
2457478.790114	0.998904	0.000409	1.695374	27226619.529071	
2457478.791167	1.000481	0.000410	1.708354	27138207.289917	
2457478.792155	0.999133	0.000411	1.720766	27065633.185761	
2457478.793166	1.002019	0.000410	1.733726	27203668.812082	
2457478.794306	1.001527	0.000410	1.748626	27200428.841067	
2457478.795307	0.998117	0.000410	1.761974	27105926.608691	
2457478.796313	1.002382	0.000412	1.775667	27058290.119460	
2457478.797430	1.001277	0.000413	1.791180	26965570.665372	
2457478.798466	0.999962	0.000413	1.805862	26971148.519177	
2457478.799608	1.000366	0.000413	1.822397	26886585.560389	
2457478.800643	0.997649	0.000413	1.837726	26852338.159863	
2457478.801984	0.998663	0.000412	1.858052	27053084.959084	
2457478.803083	0.998744	0.000412	1.875112	26943455.626358	
2457478.804160	0.993523	0.000411	1.892212	26967515.091947	
2457478.805213	1.001444	0.000414	1.909296	26867459.810996	
2457478.806227	0.999968	0.000414	1.926095	26824419.014214	
2457478.807370	0.996504	0.000413	1.945476	26790720.672520	
2457478.808475	1.002209	0.000416	1.964645	26628709.095089	
2457478.809551	0.996875	0.000414	1.983741	26687833.682050	
2457478.810587	1.003341	0.000417	2.002552	26536433.821654	
2457478.811623	1.000153	0.000416	2.021781	26579095.959615	
2457478.812659	0.999891	0.000417	2.041431	26462742.518495	
2457478.813693	0.996811	0.000418	2.061517	26406564.389048	
2457478.814728	1.001426	0.000419	2.082062	26378791.308049	
2457478.815830	1.002953	0.000419	2.104487	26347794.823029	
2457478.816970	1.003237	0.000421	2.128261	26213940.131545	
2457478.818069	1.001686	0.000421	2.151763	26175847.929671	
2457478.819430	0.997550	0.000421	2.181719	26070171.384664	
2457478.820531	1.003306	0.000423	2.206625	25947842.901556	
2457478.821568	0.998556	0.000423	2.230679	25917066.272415	
2457478.822604	0.997409	0.000424	2.255300	25754353.190012	
2457478.823705	1.000364	0.000427	2.282173	25524125.122777	
2457478.825051	0.999724	0.000428	2.316025	25387198.936643	
2457478.826287	1.001066	0.000429	2.348007	25365757.172845	
2457478.827264	0.998888	0.000429	2.374033	25370220.762971	
2457478.828349	0.999121	0.000428	2.403713	25392651.520095	
2457478.829438	1.003051	0.000430	2.434291	25297850.322854	
2457478.830414	1.000185	0.000430	2.462420	25287792.072163	
