2457093.570232	1.000013	0.001062	0.570232	10.671001	254.474478	1.141149	2568539.336088
2457093.571897	1.000998	0.001063	0.571897	10.671115	254.125867	1.140478	2572952.652015
2457093.573553	1.002205	0.001067	0.573553	11.264809	254.683845	1.139905	2566987.336051
2457093.575219	0.998700	0.001062	0.575219	11.339345	255.204726	1.139434	2569944.186661
2457093.576863	1.001055	0.001064	0.576863	12.050918	253.912013	1.139074	2566162.035159
2457093.577627	1.000800	0.001066	0.577627	11.947044	254.529484	1.138939	2561311.320128
2457093.579270	1.003659	0.001071	0.579270	12.920774	250.463664	1.138721	2544667.088348
2457093.580902	1.000848	0.001063	0.580902	11.506840	249.491262	1.138604	2569147.520533
2457093.582569	1.002830	0.001061	0.582569	11.539221	245.937567	1.138582	2566159.236614
2457093.584235	1.000445	0.001061	0.584235	11.504547	246.390405	1.138669	2562762.779323
2457093.585565	1.000286	0.001057	0.585565	11.329019	245.649414	1.138810	2567954.525049
2457093.587197	0.999455	0.001056	0.587197	11.092701	245.643867	1.139071	2570353.575014
2457093.588864	0.998405	0.001055	0.588864	11.314135	242.992504	1.139443	2562655.597915
2457093.590531	1.000181	0.001056	0.590531	11.258214	242.077042	1.139908	2564843.928111
2457093.592197	0.997905	0.001055	0.592197	11.449986	242.652732	1.140485	2565650.093727
2457093.592950	0.999319	0.001055	0.592950	11.434754	243.684843	1.140778	2571042.394795
2457093.594605	1.000275	0.001055	0.594605	11.576936	241.540201	1.141497	2570172.791503
2457093.596271	0.998794	0.001052	0.596271	11.812177	240.939344	1.142327	2568753.501280
2457093.597950	1.002132	0.001059	0.597950	11.689446	240.012790	1.143262	2565503.011954
2457093.599604	1.000394	0.001053	0.599604	11.480263	240.043337	1.144291	2570141.249718
2457093.600958	1.000488	0.001051	0.600958	11.824640	238.454856	1.145209	2576019.377220
2457093.602613	1.001698	0.001055	0.602613	12.131021	238.409392	1.146429	2566676.328935
2457093.604268	1.000383	0.001051	0.604268	11.990524	239.331622	1.147750	2573100.006855
2457093.605946	0.999084	0.001044	0.605946	11.518984	237.960666	1.149197	2591960.975302
2457093.607613	0.999458	0.001042	0.607613	11.338186	235.125559	1.150738	2597969.689490
2457093.608377	0.997305	0.001040	0.608377	11.453740	235.358762	1.151482	2594462.363559
2457093.610044	0.998673	0.001040	0.610044	11.580974	234.072063	1.153187	2593411.321916
2457093.611722	0.999877	0.001039	0.611722	11.330616	232.615325	1.155010	2604804.936442
2457093.613399	0.998999	0.001038	0.613399	11.823562	234.016582	1.156944	2603466.712004
2457093.615089	1.000332	0.001034	0.615089	10.983891	232.650761	1.159001	2616813.794375
2457093.617161	0.999222	0.001040	0.617161	11.824847	233.868423	1.161687	2597799.129098
2457093.618804	1.000695	0.001045	0.618804	11.864171	234.659217	1.163939	2587038.659652
2457093.620482	1.000152	0.001044	0.620482	11.814067	234.117018	1.166352	2588977.081576
2457093.622138	0.998463	0.001046	0.622138	11.512557	233.391208	1.168849	2580152.804284
2457093.623816	0.998213	0.001041	0.623816	11.473238	232.716908	1.171494	2594577.142599
2457093.624591	0.998260	0.001037	0.624591	11.385402	231.372573	1.172756	2603435.022078
2457093.626258	0.999818	0.001045	0.626258	12.037090	232.261495	1.175549	2576820.388449
2457093.627935	0.998200	0.001041	0.627935	11.728475	230.111317	1.178491	2577866.178147
2457093.629602	0.997494	0.001040	0.629602	11.804325	227.813399	1.181529	2576084.733205
2457093.631280	0.999316	0.001042	0.631280	11.992038	223.872586	1.184715	2571748.928394
2457093.632796	0.994475	0.001030	0.632796	11.619604	224.422622	1.187698	2596756.667555
2457093.634440	0.992884	0.001031	0.634440	11.771091	221.332159	1.191048	2578107.514429
2457093.636118	0.992758	0.001031	0.636118	11.801996	219.563609	1.194595	2580148.515304
2457093.637796	0.992785	0.001033	0.637796	12.003752	220.387872	1.198268	2573242.468908
2457093.639486	0.991325	0.001030	0.639486	11.964272	219.328991	1.202102	2577065.883761
2457093.640250	0.992003	0.001034	0.640250	12.359236	221.184994	1.203879	2562516.703160
2457093.641927	0.992907	0.001032	0.641927	12.292659	219.649804	1.207886	2571674.063505
2457093.643594	0.991773	0.001031	0.643594	12.276170	216.092694	1.211996	2569370.807294
2457093.645272	0.991942	0.001031	0.645272	12.458707	216.189052	1.216271	2563837.756438
2457093.646950	0.990081	0.001031	0.646950	12.572942	215.330762	1.220684	2560702.896104
2457093.648698	0.990700	0.000910	0.648698	12.571596	272.165156	1.225243	3191980.270443
2457093.650504	0.988854	0.000903	0.650504	12.271118	269.097961	1.230312	3205861.233443
2457093.652321	0.990825	0.000905	0.652321	12.560839	268.400576	1.235583	3196965.052124
2457093.654138	0.989118	0.000906	0.654138	12.960703	268.532841	1.241030	3187699.425474
2457093.655942	0.991309	0.000908	0.655942	12.808281	270.008459	1.246615	3186495.623407
2457093.657748	0.990580	0.000906	0.657748	12.393980	270.589650	1.252389	3196184.074150
2457093.659542	0.988433	0.000910	0.659542	12.835104	272.731293	1.258304	3177198.644546
2457093.661359	0.988146	0.000911	0.661359	12.823820	272.651776	1.264484	3170913.810790
2457093.676833	0.988630	0.000925	0.676833	12.841223	269.177305	1.325419	3106585.157333
2457093.678870	0.988945	0.000927	0.678870	12.901186	271.073542	1.334640	3099502.578724
2457093.680918	0.992047	0.000934	0.680918	12.880462	274.215056	1.344224	3088147.339580
2457093.682955	0.985501	0.000924	0.682955	12.604785	276.597087	1.354062	3109946.443065
2457093.683869	0.991003	0.000934	0.683869	12.837106	278.067575	1.358582	3085745.844399
2457093.685906	0.988486	0.000928	0.685906	13.025320	277.422423	1.368890	3102849.649794
2457093.687954	0.986418	0.000926	0.687954	13.002109	279.341088	1.379599	3111306.893322
2457093.688857	0.988614	0.000933	0.688857	13.285411	279.618026	1.384416	3099656.140573
2457093.692063	0.987591	0.000856	0.692063	13.076049	330.481391	1.401800	3600863.809389
2457093.694332	0.986814	0.000856	0.694332	13.188929	328.147071	1.414864	3586178.753891
2457093.696600	0.987218	0.000860	0.696600	13.280180	335.083893	1.428401	3579449.541042
2457093.698879	0.984597	0.000861	0.698879	13.409289	340.514035	1.442494	3570145.284923
2457093.701148	0.985144	0.000868	0.701148	13.842587	346.322434	1.457036	3549385.199948
2457093.702155	0.985753	0.000871	0.702155	13.745139	347.376964	1.463656	3549977.021587
2457093.705071	0.989246	0.000881	0.705071	13.811334	352.721712	1.483439	3516631.706873
2457093.707317	0.986583	0.000880	0.707317	13.402802	358.797788	1.499297	3519001.871902
2457093.709585	0.987839	0.000888	0.709585	13.803070	368.752784	1.515889	3497540.533442
2457093.711854	0.986003	0.000890	0.711854	13.455686	376.925749	1.533102	3500658.363334
2457093.714121	0.986709	0.000899	0.714121	13.758909	384.558806	1.550956	3477375.654880
2457093.715140	0.985281	0.000902	0.715140	13.985832	388.981890	1.559184	3464275.875315
2457093.718033	0.988458	0.000911	0.718033	13.657302	394.651470	1.583300	3441391.285555
2457093.720290	0.987171	0.000914	0.720290	13.768270	402.452994	1.602924	3440666.810064
2457093.722582	0.985309	0.000919	0.722582	13.554810	408.754472	1.623597	3414768.093917
2457093.724862	0.988653	0.000926	0.724862	13.621734	415.906890	1.645070	3416100.373760
2457093.727153	0.984403	0.000932	0.727153	13.864066	425.469732	1.667355	3388252.867458
2457093.728160	0.984019	0.000935	0.728160	13.415726	432.273106	1.677425	3387074.189083
2457093.731562	0.983310	0.000883	0.731562	13.891747	505.994447	1.712132	3803820.224132
2457093.734051	0.983630	0.000896	0.734051	14.062841	516.305941	1.739271	3753085.023885
2457093.736574	0.988301	0.000908	0.736574	14.066594	526.679668	1.768001	3729552.453351
2457093.739086	0.979444	0.000911	0.739086	13.715179	539.870711	1.797855	3697656.988172
2457093.740219	0.984619	0.000924	0.740219	14.166401	547.508205	1.811792	3666368.730310
2457093.745092	0.989013	0.000948	0.745092	13.880718	571.372197	1.874952	3605468.351169
2457093.747603	0.983321	0.000959	0.747603	14.067849	589.564969	1.909737	3567050.002204
2457093.750115	0.988932	0.000982	0.750115	14.429276	603.727748	1.946194	3505773.151462
2457093.752626	0.986163	0.000994	0.752626	14.412717	621.872144	1.984387	3472532.717899
2457093.753760	0.988942	0.001011	0.753760	14.737851	633.954953	2.002258	3425219.474654
