2457093.545621	0.999932	0.001400	1.164726	0.545621
2457093.547941	0.999373	0.001718	1.160448	0.547941
2457093.549087	0.999996	0.001718	1.158421	0.549087
2457093.550291	0.999379	0.001706	1.156353	0.550291
2457093.551494	0.999286	0.001706	1.154347	0.551494
2457093.552663	0.999768	0.001706	1.152457	0.552663
2457093.553809	1.002584	0.001714	1.150660	0.553809
2457093.554978	0.998879	0.001702	1.148882	0.554978
2457093.556147	0.999678	0.001704	1.147162	0.556147
2457093.557304	0.997547	0.001704	1.145513	0.557304
2457093.558496	1.000204	0.001705	1.143872	0.558496
2457093.559665	1.001094	0.001691	1.142319	0.559665
2457093.560845	1.000961	0.001702	1.140806	0.560845
2457093.562014	0.999065	0.001697	1.139363	0.562014
2457093.563172	0.998455	0.001689	1.137988	0.563172
2457093.564329	1.000403	0.001683	1.136666	0.564329
2457093.565498	0.998020	0.001682	1.135383	0.565498
2457093.566667	1.000890	0.001683	1.134155	0.566667
2457093.567824	0.999714	0.001691	1.132990	0.567824
2457093.568982	1.002053	0.001687	1.131878	0.568982
2457093.570162	1.000382	0.001689	1.130796	0.570162
2457093.571330	0.998194	0.001682	1.129778	0.571330
2457093.572488	0.998784	0.001677	1.128821	0.572488
2457093.573645	0.997725	0.001689	1.127915	0.573645
2457093.574803	0.999927	0.001689	1.127060	0.574803
2457093.575983	1.000318	0.001690	1.126240	0.575983
2457093.577279	0.995218	0.001675	1.125400	0.577279
2457093.578460	1.000870	0.001683	1.124690	0.578460
2457093.579606	1.000997	0.001681	1.124050	0.579606
2457093.580763	1.002745	0.001682	1.123454	0.580763
2457093.581932	0.996703	0.001683	1.122902	0.581932
2457093.583101	1.000815	0.001689	1.122401	0.583101
2457093.584270	0.998491	0.001677	1.121950	0.584270
2457093.585438	0.999620	0.001681	1.121550	0.585438
2457093.586596	1.000841	0.001687	1.121204	0.586596
2457093.587753	1.001713	0.001687	1.120906	0.587753
2457093.588922	0.997117	0.001669	1.120656	0.588922
2457093.590068	1.002042	0.001686	1.120460	0.590068
2457093.591237	0.999030	0.001673	1.120309	0.591237
2457093.592406	1.001237	0.001673	1.120209	0.592406
2457093.593575	1.000789	0.001674	1.120158	0.593575
2457093.594732	0.999941	0.001675	1.120158	0.594732
2457093.595901	0.999964	0.001670	1.120207	0.595901
2457093.597059	0.999315	0.001673	1.120305	0.597059
2457093.598216	0.998428	0.001667	1.120452	0.598216
2457093.599396	0.999199	0.001663	1.120653	0.599396
2457093.600564	1.004483	0.001673	1.120903	0.600564
2457093.601722	0.999923	0.001666	1.121199	0.601722
2457093.602891	0.998075	0.001666	1.121548	0.602891
2457093.604060	0.999433	0.001670	1.121948	0.604060
2457093.605206	0.999453	0.001655	1.122389	0.605206
2457093.606375	1.000205	0.001659	1.122889	0.606375
2457093.607532	1.000295	0.001659	1.123434	0.607532
2457093.608701	0.999726	0.001655	1.124035	0.608701
2457093.609858	1.001035	0.001661	1.124680	0.609858
2457093.611016	0.999855	0.001661	1.125375	0.611016
2457093.612162	1.000981	0.001662	1.126113	0.612162
2457093.613318	1.001223	0.001658	1.126908	0.613318
2457093.614487	0.997386	0.001653	1.127762	0.614487
2457093.615656	0.997609	0.001658	1.128669	0.615656
2457093.616813	1.001519	0.001666	1.129617	0.616813
2457093.617994	0.999109	0.001665	1.130637	0.617994
2457093.619140	1.000034	0.001666	1.131678	0.619140
2457093.620320	0.998167	0.001665	1.132804	0.620320
2457093.621489	0.999548	0.001667	1.133971	0.621489
2457093.622658	0.999749	0.001669	1.135192	0.622658
2457093.623804	1.001141	0.001671	1.136440	0.623804
2457093.624985	0.995199	0.001658	1.137780	0.624985
2457093.626131	0.998789	0.001666	1.139133	0.626131
2457093.627300	0.998669	0.001666	1.140568	0.627300
2457093.628456	0.999996	0.001663	1.142041	0.628456
2457093.629637	0.999278	0.001661	1.143600	0.629637
2457093.630806	0.996017	0.001655	1.145199	0.630806
2457093.631963	0.996005	0.001655	1.146837	0.631963
2457093.633132	0.994638	0.001662	1.148547	0.633132
2457093.634312	0.992806	0.001655	1.150331	0.634312
2457093.635481	0.995028	0.001654	1.152154	0.635481
2457093.636639	0.991791	0.001654	1.154016	0.636639
2457093.637808	0.991158	0.001653	1.155954	0.637808
2457093.638977	0.993582	0.001650	1.157949	0.638977
2457093.640146	0.991308	0.001669	1.160004	0.640146
2457093.641338	0.990407	0.001657	1.162159	0.641338
2457093.642506	0.993849	0.001675	1.164333	0.642506
2457093.643663	0.990391	0.001661	1.166544	0.643663
2457093.644821	0.992797	0.001681	1.168815	0.644821
2457093.645990	0.991742	0.001681	1.171169	0.645990
2457093.647159	0.991106	0.001671	1.173585	0.647159
2457093.648328	0.988603	0.001673	1.176063	0.648328
2457093.649485	0.986008	0.001653	1.178578	0.649485
2457093.650643	0.991698	0.001674	1.181155	0.650643
2457093.651823	0.988026	0.001685	1.183848	0.651823
2457093.652980	0.988599	0.001665	1.186552	0.652980
2457093.654161	0.991065	0.001674	1.189377	0.654161
2457093.655330	0.990181	0.001661	1.192240	0.655330
2457093.656498	0.991724	0.001674	1.195169	0.656498
2457093.657667	0.987713	0.001658	1.198166	0.657667
2457093.658836	0.987939	0.001659	1.201231	0.658836
2457093.659982	0.987226	0.001667	1.204302	0.659982
2457093.661128	0.994785	0.001667	1.207440	0.661128
2457093.662297	0.991518	0.001661	1.210712	0.662297
2457093.663442	0.989129	0.001685	1.213987	0.663442
2457093.664600	0.989347	0.001695	1.217366	0.664600
2457093.665780	0.991740	0.001667	1.220886	0.665780
2457093.666949	0.991718	0.001671	1.224446	0.666949
2457093.668107	0.989465	0.001659	1.228044	0.668107
2457093.669276	0.991093	0.001691	1.231754	0.669276
2457093.670421	0.990703	0.001659	1.235465	0.670421
2457093.671590	0.987728	0.001643	1.239327	0.671590
2457093.672759	0.992054	0.001675	1.243268	0.672759
2457093.673928	0.988238	0.001655	1.247289	0.673928
2457093.675097	0.990483	0.001663	1.251390	0.675097
2457093.676265	0.991215	0.001663	1.255574	0.676265
2457093.677423	0.991864	0.001669	1.259798	0.677423
2457093.678603	0.993876	0.001717	1.264192	0.678603
2457093.679761	0.990824	0.001663	1.268584	0.679761
2457093.680930	0.989714	0.001657	1.273106	0.680930
2457093.682099	0.989497	0.001642	1.277716	0.682099
2457093.683245	0.992892	0.001663	1.282322	0.683245
2457093.684413	0.990086	0.001669	1.287110	0.684413
2457093.685547	0.992339	0.001645	1.291844	0.685547
2457093.686704	0.990946	0.001627	1.296765	0.686704
2457093.687850	0.989347	0.001617	1.301728	0.687850
2457093.689019	0.992325	0.001630	1.306887	0.689019
2457093.690200	0.988986	0.001633	1.312197	0.690200
2457093.691369	0.993865	0.001635	1.317554	0.691369
2457093.692538	0.990763	0.001623	1.323012	0.692538
2457093.693707	0.991397	0.001625	1.328573	0.693707
2457093.694876	0.992531	0.001627	1.334238	0.694876
2457093.696045	0.993607	0.001633	1.340009	0.696045
2457093.697214	0.989134	0.001629	1.345888	0.697214
2457093.698382	0.995745	0.001630	1.351877	0.698382
2457093.699551	0.992264	0.001617	1.357978	0.699551
2457093.700720	0.988325	0.001625	1.364192	0.700720
2457093.701900	0.991742	0.001622	1.370585	0.701900
2457093.703057	0.993073	0.001619	1.376970	0.703057
2457093.704215	0.990370	0.001618	1.383472	0.704215
2457093.705372	0.989561	0.001607	1.390094	0.705372
2457093.706541	0.988443	0.001613	1.396905	0.706541
2457093.707687	0.991407	0.001618	1.403705	0.707687
2457093.708856	0.989640	0.001615	1.410770	0.708856
2457093.710013	0.991491	0.001617	1.417894	0.710013
2457093.711182	0.994248	0.001631	1.425223	0.711182
2457093.712362	0.988615	0.001608	1.432763	0.712362
2457093.713531	0.991465	0.001615	1.440369	0.713531
2457093.714688	0.992396	0.001629	1.448040	0.714688
2457093.715857	0.990774	0.001615	1.455932	0.715857
2457093.717026	0.991044	0.001617	1.463972	0.717026
2457093.718207	0.989387	0.001621	1.472244	0.718207
2457093.719364	0.992009	0.001623	1.480506	0.719364
2457093.720533	0.985729	0.001611	1.489008	0.720533
2457093.721702	0.989703	0.001617	1.497670	0.721702
2457093.722883	0.988989	0.001626	1.506584	0.722883
2457093.724040	0.990448	0.001673	1.515489	0.724040
2457093.725221	0.992296	0.001635	1.524745	0.725221
2457093.726389	0.994355	0.001631	1.534086	0.726389
2457093.727558	0.990701	0.001629	1.543606	0.727558
2457093.728738	0.994135	0.001633	1.553405	0.728738
2457093.729896	0.987832	0.001633	1.563197	0.729896
2457093.731053	0.994482	0.001639	1.573177	0.731053
2457093.732234	0.992963	0.001638	1.583553	0.732234
2457093.733403	0.990260	0.001627	1.594029	0.733403
2457093.734560	0.989232	0.001639	1.604602	0.734560
2457093.735718	0.992755	0.001633	1.615381	0.735718
2457093.736886	0.995016	0.001663	1.626481	0.736886
2457093.738055	0.990823	0.001637	1.637801	0.738055
2457093.739213	0.992009	0.001639	1.649230	0.739213
2457093.740381	0.988782	0.001639	1.661002	0.740381
2457093.741550	0.986137	0.001635	1.673011	0.741550
2457093.742719	0.990109	0.001649	1.685262	0.742719
2457093.743865	0.995196	0.001658	1.697511	0.743865
2457093.745034	0.993617	0.001654	1.710259	0.745034
2457093.746214	0.993762	0.001659	1.723398	0.746214
2457093.747383	0.990422	0.001662	1.736678	0.747383
2457093.748541	0.991796	0.001675	1.750097	0.748541
2457093.749710	0.990331	0.001685	1.763930	0.749710
2457093.750890	0.996146	0.001682	1.778195	0.750890
2457093.752059	0.992386	0.001675	1.792619	0.752059
2457093.753228	0.995103	0.001694	1.807348	0.753228
2457093.754396	0.991708	0.001687	1.822392	0.754396
2457093.755565	0.997363	0.001683	1.837758	0.755565
2457093.756734	0.993031	0.001705	1.853457	0.756734
2457093.757891	0.999773	0.001694	1.869336	0.757891
2457093.759060	0.998705	0.001695	1.885724	0.759060
2457093.760218	0.994551	0.001714	1.902306	0.760218
2457093.761398	0.995860	0.001693	1.919595	0.761398
2457093.762556	1.002602	0.001718	1.936924	0.762556
2457093.763725	0.999709	0.001708	1.954819	0.763725
2457093.764882	0.996972	0.001687	1.972937	0.764882
2457093.766016	1.002928	0.001710	1.991092	0.766016
2457093.768353	0.998548	0.001753	2.029807	0.768353
2457093.769511	1.006564	0.001752	2.049645	0.769511
2457093.770668	1.002191	0.001729	2.069948	0.770668
2457093.771814	0.996480	0.001702	2.090520	0.771814
2457093.772983	1.004027	0.001713	2.112006	0.772983
2457093.774117	0.997093	0.001708	2.133353	0.774117
2457093.775275	1.001316	0.001718	2.155657	0.775275
2457093.776444	1.004885	0.001728	2.178738	0.776444
2457093.777613	0.999829	0.001733	2.202393	0.777613
2457093.778782	1.001519	0.001740	2.226644	0.778782
2457093.779951	0.999017	0.001736	2.251511	0.779951
2457093.781131	1.000109	0.001749	2.277271	0.781131
