2457453.989471	1.005332	0.002835	2774.187500	7.530173	910.495816
2457453.991013	1.006551	0.002712	2677.983001	7.966148	910.609228
2457453.992556	1.000765	0.002604	2612.442739	8.010959	910.773000
2457453.994100	1.009645	0.002565	2590.703602	7.450604	910.384475
2457453.995641	1.007080	0.002474	2606.769389	7.141601	910.641825
2457453.997184	1.004745	0.002634	2427.487579	8.403031	911.005401
2457453.998722	1.002829	0.002454	2512.275293	8.551775	910.727675
2457454.000262	1.010120	0.002393	2576.339738	7.422570	910.556760
2457454.001797	1.010552	0.002423	2541.344949	7.826587	910.842570
2457454.003332	0.998479	0.002410	2503.560813	8.510415	910.086121
2457454.007469	1.003850	0.002349	2565.840268	6.969581	910.612260
2457454.009023	1.002500	0.002329	2568.795857	6.984332	910.601975
2457454.010539	1.007626	0.002339	2579.481537	7.021230	910.555515
2457454.012056	1.000542	0.002405	2485.918645	6.612826	910.438236
2457454.013573	0.998125	0.002296	2566.092076	6.917920	910.566116
2457454.015086	1.004120	0.002403	2476.608720	7.679476	910.738222
2457454.016602	1.000496	0.002280	2596.941119	6.564257	910.614856
2457454.018147	1.000351	0.002294	2589.967044	6.632992	910.631322
2457454.019695	0.995118	0.002281	2606.499469	7.173632	910.526266
2457454.022350	0.996548	0.002268	2595.485104	6.493370	910.470235
2457454.023896	0.994386	0.002252	2589.639382	6.556019	910.602915
2457454.025442	0.995854	0.002340	2508.698671	6.925228	910.538610
2457454.026959	0.995197	0.002239	2585.991995	7.232074	910.803548
2457454.028497	0.997645	0.002252	2627.198296	6.354142	910.606942
2457454.030041	0.996939	0.002225	2615.008694	6.709200	910.639430
2457454.031585	0.995128	0.002228	2598.335329	7.069646	910.452036
2457454.033099	0.994083	0.002276	2538.147369	7.105974	910.723923
2457454.034614	0.998765	0.002296	2544.245535	6.497627	910.569625
2457454.036172	0.996534	0.002274	2549.469858	7.069728	910.751643
2457454.039004	0.992073	0.002267	2530.382207	6.813937	910.475053
2457454.040553	0.993712	0.002188	2622.141417	6.614057	910.420339
2457454.042098	0.998085	0.002191	2625.045682	6.472472	910.517932
2457454.043650	0.993158	0.002185	2617.764928	6.670343	910.535201
2457454.045165	0.996757	0.002186	2648.828761	5.972336	910.511105
2457454.046709	0.998773	0.002185	2653.764167	6.451308	910.682482
2457454.048222	0.995467	0.002171	2639.422103	6.884904	910.623534
2457454.049774	0.997339	0.002166	2639.761064	6.537427	910.559939
2457454.051292	0.998013	0.002151	2658.570750	6.385659	910.877079
2457454.052807	0.999476	0.002152	2649.968273	6.712533	910.606926
2457454.057142	0.995197	0.002138	2646.865691	6.756818	910.489738
2457454.058667	0.997891	0.002137	2645.212859	6.992142	910.809257
2457454.060185	0.996451	0.002151	2619.994178	7.460938	911.040825
2457454.061707	0.992081	0.002135	2657.748538	6.356051	910.607195
2457454.063226	0.992506	0.002124	2645.870244	6.289787	910.576278
2457454.064748	0.992009	0.002134	2632.071418	7.420145	910.356598
2457454.066268	0.992272	0.002139	2649.598418	6.541671	910.389070
2457454.067790	1.001910	0.002139	2677.260733	6.291625	910.650470
2457454.069309	0.990605	0.002115	2631.493362	7.154098	910.434669
2457454.071943	0.995461	0.002203	2576.396270	6.371780	910.528071
2457454.073481	0.998015	0.002111	2665.455394	6.679018	910.373694
2457454.075030	0.997781	0.002107	2648.875554	6.517539	910.742056
2457454.076580	0.995351	0.002117	2649.659251	7.169558	910.936425
2457454.078123	0.995635	0.002110	2673.712990	6.150072	910.605449
2457454.079637	0.991810	0.002103	2657.312556	6.169647	910.678499
2457454.081151	0.990869	0.002100	2640.971540	7.003671	910.378258
2457454.082699	0.994521	0.002106	2646.748650	6.374157	910.433967
2457454.084244	0.994874	0.002101	2665.014520	6.190257	910.680492
2457454.085787	1.000481	0.002114	2649.672836	6.895406	910.598110
2457454.088640	0.997361	0.002109	2644.922649	6.452434	910.579550
2457454.090165	0.994889	0.002092	2639.728044	6.861436	910.275824
2457454.091687	0.997192	0.002108	2631.496303	6.646270	910.774365
2457454.093207	0.995992	0.002108	2618.256746	7.525565	910.880128
2457454.094728	0.995796	0.002099	2653.766177	5.979363	910.601974
2457454.096249	0.997756	0.002103	2634.301157	6.407998	910.505753
2457454.097770	0.996837	0.002124	2606.127647	7.599395	910.298297
2457454.099292	0.996491	0.002297	2382.883031	6.790960	910.314135
2457454.100873	0.992813	0.002085	2618.506051	6.592744	910.825570
2457454.102396	0.993395	0.002101	2604.506922	7.317330	910.888996
2457454.105146	0.988285	0.002075	2607.361296	6.804452	910.436526
2457454.106665	0.994910	0.002082	2613.949597	6.508689	910.579704
2457454.108183	0.992468	0.002098	2614.602843	7.044529	910.972522
2457454.109702	0.997365	0.002125	2593.749690	7.446676	911.185474
2457454.111221	0.996734	0.002093	2619.124996	5.909662	910.723305
2457454.112741	0.998261	0.002089	2617.324566	6.106415	910.849095
2457454.114260	0.995637	0.002096	2590.213267	7.080486	910.568360
2457454.115779	0.994562	0.002173	2494.479974	6.354680	910.409861
2457454.117297	0.989859	0.002087	2578.031298	6.177802	910.667857
2457454.118813	0.996207	0.002098	2594.919970	6.886097	910.869152
2457454.121451	0.994915	0.002099	2596.236138	6.004514	910.561806
2457454.123001	0.996787	0.002125	2541.478938	6.220750	910.799225
2457454.124555	0.995739	0.002098	2568.025984	6.644191	910.794104
2457454.126095	0.996687	0.002117	2555.734657	7.097917	910.936445
2457454.129162	0.991382	0.002146	2489.551365	5.981599	910.719353
2457454.130709	0.995135	0.002095	2566.829203	6.471576	910.821678
2457454.132224	0.995551	0.002100	2554.074212	6.289248	910.588268
2457454.133742	1.002185	0.002109	2564.403143	5.677495	910.500935
2457454.135259	0.998921	0.002114	2559.847399	6.268594	910.680125
2457454.138077	0.999051	0.002110	2546.086385	6.347885	910.573983
2457454.139605	0.998519	0.002113	2538.876384	6.279283	910.410578
2457454.141134	0.999094	0.002120	2525.899329	6.426519	910.500756
2457454.145711	0.998158	0.002128	2509.761418	5.947395	910.822683
2457454.147241	1.005439	0.002159	2504.011378	7.107859	911.056876
2457454.148764	1.000240	0.002149	2490.345369	6.850753	910.390588
2457454.150291	0.999738	0.002171	2460.807764	6.562163	910.444996
2457454.151815	1.003929	0.002598	2050.273436	6.506872	910.788815
2457454.154469	1.003649	0.002197	2434.132531	6.693766	910.574231
2457454.156013	1.000443	0.002163	2461.993244	5.539874	910.593094
2457454.157560	0.998406	0.002182	2422.520783	6.291198	910.601697
2457454.159075	1.003536	0.002213	2396.961068	6.666778	911.018528
2457454.162147	1.000697	0.002234	2365.708162	5.653858	910.605059
2457454.163683	1.004221	0.002381	2233.846266	6.339024	910.894725
2457454.165240	1.000082	0.002317	2237.959084	6.650233	910.562065
2457454.166788	0.997142	0.002251	2319.160280	5.808968	910.596653
2457454.168339	0.994838	0.002303	2272.412628	6.107654	910.818082
2457454.171025	1.005840	0.002281	2310.528287	6.354357	910.764530
2457454.172540	0.994795	0.002224	2328.247229	5.928896	910.624857
2457454.174085	0.998185	0.002223	2344.394628	6.361787	910.551010
2457454.175628	0.998189	0.002451	2112.576378	6.903586	910.583294
2457454.177171	0.997413	0.002264	2274.322242	6.086142	910.599128
2457454.178688	1.003692	0.002399	2182.742597	6.156920	910.881921
2457454.180244	1.002080	0.002425	2135.935893	6.923117	910.357519
2457454.181760	0.995355	0.002494	2034.871160	7.819373	910.562516
2457454.183277	0.998670	0.002329	2223.023304	6.868459	910.627314
2457454.184823	0.993265	0.002558	1982.405662	7.417205	911.139253
2457454.187448	0.990271	0.002512	2012.600327	7.241162	910.319931
2457454.189002	0.993861	0.002512	1992.438112	7.163291	910.390702
2457454.190521	1.009694	0.002633	1966.538034	7.781868	910.731804
2457454.192068	0.997151	0.002605	1940.034091	8.019955	910.599578
2457454.203536	0.997155	0.002423	2095.133119	7.474174	910.878130
2457454.205134	0.994221	0.002461	2067.658482	7.135588	910.583908
2457454.206658	0.999167	0.002481	2041.307271	7.611431	910.284292
2457454.208186	0.992298	0.002518	1990.660858	7.371071	910.558280
2457454.209712	1.011014	0.002562	2009.451650	7.839346	910.847331
2457454.211240	0.993917	0.002496	1991.484808	6.535575	910.947533
2457454.212769	0.996729	0.002534	1981.171283	7.306422	910.730824
2457454.214296	1.001387	0.002650	1898.118163	8.006079	910.415539
2457454.215824	0.996600	0.002588	1961.396247	7.192154	910.659288
2457454.217350	1.000947	0.002605	1961.434686	7.406829	911.019435
2457454.220584	0.989312	0.002720	1825.327300	8.605422	910.423043
2457454.222118	0.999064	0.002727	1831.429640	7.786318	910.616557
2457454.223655	0.991867	0.002697	1826.081632	8.158518	910.918188
2457454.226731	0.997171	0.002865	1721.023275	7.963839	910.388468
2457454.229805	0.997849	0.002840	1745.859515	7.925183	910.976900
2457454.231344	0.994384	0.002964	1630.698057	8.842093	910.143787
