2457444.655738	1.000874	0.000675	837.371771	1219.326785
2457444.657269	1.000068	0.000675	836.686419	1214.956107
2457444.658803	1.000709	0.000674	837.392948	1220.076606
2457444.660176	0.998967	0.000673	836.874973	1216.155835
2457444.661710	1.002636	0.000676	836.102232	1216.930481
2457444.663622	1.000665	0.000673	838.465701	1218.586558
2457444.665157	1.001860	0.000674	836.916313	1220.614714
2457444.666686	0.998886	0.000673	836.859165	1222.337676
2457444.668222	1.001398	0.000673	837.768844	1219.106991
2457444.669753	0.999571	0.000673	836.912233	1215.340811
2457444.671292	0.999478	0.000673	836.539835	1220.552073
2457444.672824	0.999412	0.000672	837.979822	1218.547508
2457444.674357	0.999879	0.000673	837.782222	1218.252183
2457444.675892	1.000606	0.000675	837.190266	1218.808183
2457444.677552	1.001694	0.000674	835.894073	1215.412863
2457444.679079	0.999431	0.000674	837.071413	1217.619404
2457444.680616	1.000236	0.000675	838.091142	1216.611039
2457444.682151	0.999539	0.000676	835.467124	1221.181422
2457444.683683	0.999255	0.000677	836.703716	1221.631259
2457444.685215	1.001408	0.000679	836.244594	1220.549235
2457444.686742	0.998073	0.000679	835.770440	1221.839545
2457444.688282	0.999357	0.000680	836.535286	1228.238294
2457444.689815	1.000860	0.000681	836.139156	1220.102971
2457444.691350	1.001052	0.000681	835.781246	1218.503663
2457444.692884	1.001119	0.000680	837.056129	1221.590460
2457444.694417	0.999547	0.000681	835.720881	1215.564881
2457444.696074	0.999856	0.000681	837.621948	1221.015123
2457444.697608	0.999042	0.000681	836.575226	1225.568135
2457444.699139	0.999888	0.000681	835.649944	1215.883169
2457444.700671	0.999726	0.000681	837.335535	1217.307947
2457444.702201	1.001569	0.000682	835.535781	1221.039933
2457444.703734	1.000690	0.000682	836.416921	1218.969937
2457444.705266	0.999326	0.000681	836.399652	1222.175858
2457444.706800	0.998389	0.000684	835.553303	1221.125017
2457444.708584	0.998946	0.000681	837.363100	1222.912621
2457444.710116	1.000235	0.000682	835.717704	1224.362805
2457444.711651	0.999301	0.000682	835.933721	1224.626302
2457444.713307	1.000789	0.000683	837.469979	1221.020546
2457444.714845	0.998150	0.000686	835.992608	1225.829982
2457444.716502	1.001199	0.000685	837.561667	1226.693646
2457444.718033	0.999971	0.000684	836.640840	1225.830641
2457444.719566	0.999303	0.000686	836.258754	1221.837532
2457444.721222	1.000250	0.000685	836.277504	1221.453890
2457444.722757	0.998693	0.000685	834.706964	1223.286751
2457444.724290	1.000133	0.000686	836.747976	1225.392453
2457444.725823	1.000055	0.000684	836.178800	1221.663982
2457444.727372	0.999646	0.000685	837.165477	1224.467913
2457444.729007	1.000119	0.000686	836.067714	1220.877622
2457444.730654	1.000612	0.000686	837.624822	1226.027906
2457444.732191	1.000014	0.000685	836.373968	1226.832754
2457444.733742	0.998853	0.000682	836.405900	1223.247759
2457444.735276	0.999051	0.000685	834.880340	1223.958391
2457444.736811	0.998797	0.000685	835.710317	1222.576530
2457444.738348	0.999848	0.000685	835.256479	1229.460604
2457444.739986	0.999174	0.000686	835.938615	1222.442059
2457444.741636	0.999668	0.000686	836.830665	1222.094090
2457444.743296	1.000104	0.000685	835.349379	1222.903815
2457444.744829	0.999326	0.000686	836.393357	1226.134749
2457444.746485	0.999785	0.000685	836.412043	1227.720736
2457444.748125	1.000466	0.000685	835.997197	1226.447123
2457444.749669	1.000569	0.000685	837.652186	1222.342646
2457444.751306	0.999478	0.000687	835.769387	1226.080028
2457444.752949	0.998268	0.000684	837.613737	1227.855973
2457444.754507	1.000912	0.000682	836.803841	1224.018199
2457444.756146	0.999665	0.000684	836.283773	1224.092609
2457444.757784	0.999941	0.000683	835.361366	1229.428650
2457444.759319	0.999204	0.000683	837.057325	1226.605717
2457444.760956	0.998892	0.000685	836.143120	1226.535175
2457444.762593	0.998870	0.000683	836.829219	1228.945528
2457444.764238	0.998195	0.000682	836.967951	1224.743462
2457444.765777	0.998553	0.000685	835.826509	1229.460838
2457444.767540	0.998956	0.000686	836.894868	1225.662810
2457444.769188	0.997286	0.000685	836.387239	1225.611147
2457444.770944	0.996642	0.000685	837.385765	1223.661600
2457444.772586	0.996270	0.000683	836.344116	1222.743057
2457444.774232	0.994910	0.000683	835.602091	1233.285476
2457444.775878	0.993541	0.000683	837.469500	1229.081577
2457444.777525	0.993650	0.000684	836.884920	1227.687027
2457444.779174	0.991897	0.000684	837.173917	1228.946233
2457444.780819	0.992054	0.000684	836.628088	1227.740622
2457444.782466	0.992312	0.000684	837.631992	1230.892628
2457444.784109	0.991247	0.000683	836.895744	1233.621267
2457444.785746	0.990696	0.000685	837.046879	1233.468504
2457444.787395	0.992058	0.000685	839.187223	1229.482751
2457444.789051	0.991874	0.000685	837.046746	1227.920793
2457444.790686	0.991337	0.000685	838.403719	1232.884791
2457444.792334	0.993043	0.000686	839.090387	1233.159974
2457444.793980	0.992506	0.000685	837.995809	1226.896409
2457444.795628	0.990621	0.000684	838.346579	1232.303028
2457444.797271	0.992080	0.000685	838.230196	1225.937139
2457444.798909	0.991426	0.000684	837.922032	1223.522837
2457444.800560	0.989255	0.000684	836.251749	1228.403181
2457444.802305	0.990305	0.000686	836.957450	1229.811611
2457444.803950	0.990458	0.000688	837.517087	1231.390357
2457444.805609	0.989267	0.000686	837.511236	1231.809534
2457444.807266	0.990519	0.000685	836.308433	1231.437364
2457444.808906	0.988967	0.000685	838.284576	1229.561826
2457444.810543	0.989284	0.000686	838.055234	1229.791147
2457444.812178	0.990245	0.000688	839.241792	1234.330365
2457444.813815	0.989780	0.000687	837.775691	1227.816331
2457444.815453	0.990634	0.000689	837.654550	1230.391807
2457444.817102	0.989314	0.000688	838.067500	1233.723672
2457444.818758	0.990686	0.000689	838.501918	1228.219042
2457444.820396	0.989751	0.000688	837.500735	1231.930142
2457444.822043	0.991187	0.000689	837.798537	1230.951253
2457444.823682	0.990840	0.000691	837.865474	1227.989770
2457444.825332	0.988661	0.000693	837.592620	1228.879855
2457444.826992	0.989184	0.000692	836.783426	1231.668903
2457444.828647	0.989351	0.000693	838.640092	1228.293826
2457444.830294	0.990702	0.000693	838.681247	1225.127232
2457444.831932	0.990188	0.000694	838.115672	1228.639877
2457444.833577	0.988034	0.000695	837.546873	1227.609302
2457444.835222	0.989964	0.000695	837.089545	1227.499446
2457444.836880	0.991066	0.000695	838.088649	1225.598552
2457444.838516	0.992619	0.000697	838.893200	1226.334346
2457444.840157	0.991693	0.000700	837.278370	1227.896582
2457444.841808	0.990402	0.000699	839.493992	1225.525027
2457444.843464	0.992657	0.000699	837.966493	1227.810017
2457444.845102	0.990431	0.000698	839.705628	1232.610588
2457444.846743	0.990900	0.000698	837.389270	1229.886456
2457444.848387	0.993083	0.000699	838.167809	1229.190179
2457444.850024	0.992519	0.000700	839.228897	1232.750665
2457444.851663	0.990268	0.000700	837.051650	1230.133047
2457444.853303	0.991351	0.000701	839.218843	1228.684910
2457444.854941	0.990026	0.000702	838.095297	1231.432802
2457444.856588	0.990985	0.000702	837.914979	1232.950047
2457444.858236	0.989743	0.000702	838.380480	1233.482527
2457444.859872	0.988440	0.000703	838.141385	1228.930062
2457444.861509	0.992162	0.000705	840.413143	1233.486291
2457444.863147	0.988717	0.000702	838.690345	1236.097994
2457444.864793	0.990155	0.000705	838.690776	1235.754871
2457444.866442	0.989991	0.000705	839.406489	1232.575606
2457444.868076	0.992734	0.000708	838.911671	1228.486518
2457444.869716	0.989881	0.000707	838.498844	1234.194214
2457444.871369	0.990890	0.000708	839.261014	1230.312968
2457444.873016	0.990044	0.000709	838.667643	1233.816209
2457444.874829	0.988790	0.000709	839.861113	1236.253065
2457444.876574	0.988955	0.000709	838.584108	1233.943656
2457444.878314	0.991921	0.000711	839.890680	1236.388343
2457444.879964	0.990850	0.000714	841.025176	1232.871171
2457444.881610	0.988953	0.000712	838.332511	1233.299986
2457444.883246	0.993550	0.000716	840.180541	1232.857274
2457444.884883	0.989836	0.000717	837.120335	1232.728881
2457444.886621	0.989550	0.000717	840.308322	1235.218574
2457444.888565	0.992554	0.000720	838.782702	1229.387755
2457444.890089	0.991521	0.000722	838.690385	1234.343084
2457444.891746	0.992468	0.000722	840.053917	1232.167942
2457444.893389	0.992326	0.000723	838.983692	1235.883070
2457444.895031	0.995763	0.000728	839.850430	1237.098243
2457444.896680	0.996911	0.000731	839.630160	1228.021962
2457444.898327	0.999365	0.000734	840.454307	1228.441832
2457444.899985	0.997356	0.000733	838.526949	1229.451783
2457444.901641	1.000016	0.000735	838.669895	1228.655914
2457444.903376	0.996010	0.000733	839.581088	1231.801871
2457444.905014	0.998684	0.000735	839.731265	1232.743365
2457444.906763	0.999887	0.000739	839.752542	1228.403632
2457444.908401	0.998406	0.000738	838.531619	1228.630788
2457444.909935	0.999321	0.000740	838.897114	1232.953581
2457444.911570	0.999588	0.000744	839.815393	1236.465460
2457444.913211	0.997378	0.000744	840.330975	1235.094762
2457444.914726	0.997873	0.000749	840.897836	1237.165585
2457444.916382	0.999344	0.000751	839.546503	1236.911924
2457444.918019	1.002330	0.000759	839.951957	1235.772153
2457444.919545	0.999905	0.000758	841.125866	1238.553856
2457444.921097	1.000444	0.000760	839.420024	1239.073486
2457444.922731	0.999486	0.000761	840.396600	1237.490020
2457444.924247	1.003105	0.000764	841.244263	1239.213461
2457444.925901	1.000762	0.000767	841.064307	1234.434496
2457444.927538	1.003487	0.000772	840.095179	1239.980006
2457444.929062	0.998071	0.000770	839.264861	1239.300975
2457444.930597	0.997309	0.000772	840.752581	1236.707301
2457444.932151	1.003718	0.000778	841.358535	1239.109392
2457444.933791	0.998307	0.000776	840.902761	1240.991155
2457444.935325	0.998399	0.000777	839.804763	1242.521068
2457444.936861	1.000711	0.000785	840.805906	1242.059501
2457444.938502	1.004598	0.000791	840.407015	1239.415358
2457444.940044	1.002008	0.000792	841.014370	1241.506431
2457444.941700	0.998044	0.000796	840.395305	1241.989421
2457444.943339	0.997875	0.000801	841.182688	1241.361583
2457444.944854	1.003953	0.000809	841.540511	1243.513812
2457444.946407	1.000150	0.000808	840.580543	1243.322116
2457444.947942	0.998972	0.000816	840.008740	1243.208841
2457444.949477	1.000386	0.000820	841.857079	1242.832783
2457444.951012	0.999454	0.000831	840.021369	1243.849986
