 2459010.7439788999035954       0.9997863881978178       0.0011836764581376
 2459010.7648126999847591       1.0003614099679250       0.0011836764581376
 2459010.7856466001830995       0.9991224166960820       0.0011836764581376
 2459010.8064804999157786       1.0010949877531958       0.0011836764581376
 2459010.8273144001141191       0.9992811665980659       0.0011836764581376
 2459010.8481482998467982       0.9992840568833582       0.0011836764581376
 2459010.8898160997778177       0.9998266352917198       0.0011836764581376
 2459010.9106499999761581       1.0003406680236437       0.0011836764581376
 2459010.9314839001744986       1.0006511405721243       0.0011836764581376
 2459010.9523177999071777       1.0009037115603578       0.0011836764581376
 2459010.9731517001055181       1.0004322779507759       0.0011836764581376
 2459010.9939855998381972       0.9986690550041547       0.0011836764581376
 2459011.0148195000365376       0.9953419392370998       0.0011836764581376
 2459011.0356533001177013       0.9959701869221567       0.0011836764581376
 2459011.0564871998503804       0.9957459659493247       0.0011836764581376
 2459011.0773211000487208       0.9964661563279896       0.0011836764581376
 2459011.0981549997814000       0.9978257705398796       0.0011836764581376
 2459011.1189888999797404       0.9998917340561858       0.0011836764581376
 2459011.1398228001780808       1.0005597647886719       0.0011836764581376
 2459011.1606566999107599       0.9989605168078435       0.0011836764581376
 2459011.2023244998417795       0.9996809894684010       0.0011836764581376
 2459011.2231584000401199       1.0014323930761169       0.0011836764581376
 2459011.2439922997727990       1.0006604485462107       0.0011836764581376
 2459011.2648261999711394       0.9999637475698951       0.0011836764581376
 2459011.2856601001694798       1.0004645861006773       0.0011836764581376
 2459011.3064939999021590       1.0014258941142058       0.0011836764581376
 2459011.3273279001004994       1.0008826407272609       0.0011836764581376
 2459011.3481617998331785       1.0009045789631266       0.0011836764581376
 2459011.3689957000315189       0.9999742525882367       0.0011836764581376
 2459011.3898295001126826       1.0000164941255638       0.0011836764581376
 2459011.4106633998453617       0.9995990381719099       0.0011836764581376
 2459011.4314973000437021       1.0000917124631894       0.0011836764581376
 2459011.4523311997763813       0.9987002800397294       0.0011836764581376
 2459011.4731650999747217       0.9993543638192692       0.0011836764581376
 2459011.4939990001730621       0.9988592912476949       0.0011836764581376
 2459011.5356668001040816       0.9998237037619710       0.0011836764581376
 2459011.5565006998367608       1.0010143408911583       0.0011836764581376
 2459011.5773346000351012       1.0005842386834654       0.0011836764581376
 2459011.5981684997677803       1.0003344138542443       0.0011836764581376
 2459011.6190023999661207       0.9993133075058417       0.0011836764581376
 2459011.6398363001644611       1.0006951827631014       0.0011836764581376
 2459011.6606701998971403       1.0000284540689370       0.0011836764581376
 2459011.6815041000954807       0.9996051639078806       0.0011836764581376
 2459011.7231719000265002       1.0007226826638544       0.0011836764581376
 2459011.7440058002248406       1.0005590689196824       0.0011836764581376
 2459011.7648395998403430       1.0005701226971699       0.0011836764581376
 2459011.7856735000386834       1.0012203201084038       0.0011836764581376
 2459011.8273412999697030       1.0003503338493362       0.0011836764581376
 2459011.8690090999007225       0.9982177046632382       0.0011836764581376
 2459011.8898430000990629       0.9997367080301580       0.0011836764581376
 2459011.9106768998317420       0.9995683556878454       0.0011836764581376
 2459011.9315108000300825       1.0001706827355585       0.0011836764581376
 2459011.9523447002284229       0.9957285256719650       0.0011836764581376
 2459011.9731785999611020       0.9955343700802540       0.0011836764581376
 2459011.9940125001594424       0.9955907958258073       0.0011836764581376
 2459012.0148463998921216       0.9972773876931699       0.0011836764581376
 2459012.0565141998231411       0.9993590838155604       0.0011836764581376
 2459012.0773481000214815       0.9991918478046248       0.0011836764581376
 2459012.0981819001026452       1.0000372145727587       0.0011836764581376
 2459012.1190157998353243       0.9988729102724866       0.0011836764581376
 2459012.1606836002320051       1.0002094063634868       0.0011836764581376
 2459012.1815174999646842       0.9993701185766721       0.0011836764581376
 2459012.2023514001630247       0.9995960226916366       0.0011836764581376
 2459012.2231852998957038       0.9999086630236442       0.0011836764581376
 2459012.2440192000940442       1.0012698367807136       0.0011836764581376
 2459012.2856870000250638       1.0012929075732002       0.0011836764581376
 2459012.3065209002234042       1.0005553084199239       0.0011836764581376
 2459012.3273547999560833       0.9989243750824984       0.0011836764581376
 2459012.3481887001544237       1.0001595385826971       0.0011836764581376
 2459012.3690225998871028       1.0001493874413023       0.0011836764581376
 2459012.3898565000854433       0.9998571156489634       0.0011836764581376
 2459012.4106903001666069       1.0012068736224318       0.0011836764581376
 2459012.4315241998992860       0.9993840593002844       0.0011836764581376
 2459012.4523581000976264       1.0001826679496926       0.0011836764581376
 2459012.4731919998303056       0.9997056834116580       0.0011836764581376
 2459012.4940259000286460       0.9995392299375283       0.0011836764581376
 2459012.5148598002269864       0.9991458634734325       0.0011836764581376
 2459012.5356936999596655       1.0000949937443084       0.0011836764581376
 2459012.5565276001580060       1.0007165708893440       0.0011836764581376
 2459012.5773614998906851       0.9993726574607273       0.0011836764581376
 2459012.5981954000890255       1.0001225878616096       0.0011836764581376
 2459012.6190292998217046       0.9995607982301836       0.0011836764581376
 2459012.6606970001012087       0.9997640055868893       0.0011836764581376
 2459012.6815308998338878       1.0015094546273666       0.0011836764581376
 2459012.7231987002305686       1.0021807637546278       0.0011836764581376
 2459012.7648665001615882       1.0008942044820188       0.0011836764581376
 2459012.8065343000926077       0.9997588280048207       0.0011836764581376
 2459012.8273681998252869       0.9992112521259654       0.0011836764581376
 2459012.8482021000236273       0.9985474322717508       0.0011836764581376
 2459012.8690359001047909       0.9992884021431599       0.0011836764581376
 2459012.8898697998374701       0.9982068367183835       0.0011836764581376
 2459012.9107037000358105       0.9953952093346007       0.0011836764581376
 2459012.9315375997684896       0.9949011770089330       0.0011836764581376
 2459012.9523714999668300       0.9949076884409215       0.0011836764581376
 2459012.9732054001651704       0.9959971592175059       0.0011836764581376
 2459012.9940392998978496       0.9966933392551340       0.0011836764581376
 2459013.0148732000961900       0.9997624726836362       0.0011836764581376
 2459013.0357070998288691       1.0005662851086634       0.0011836764581376
 2459013.0565408999100327       0.9989800100189504       0.0011836764581376
 2459013.0773748001083732       0.9998673463271781       0.0011836764581376
 2459013.0982086998410523       1.0011283374783817       0.0011836764581376
 2459013.1190426000393927       1.0012133541443224       0.0011836764581376
 2459013.1398764997720718       1.0019652278781814       0.0011836764581376
 2459013.1607103999704123       1.0002272145969113       0.0011836764581376
 2459013.1815443001687527       0.9988029536202474       0.0011836764581376
 2459013.2023781999014318       1.0008654873189462       0.0011836764581376
 2459013.2232119999825954       0.9996026647540653       0.0011836764581376
 2459013.2440459001809359       0.9998052408610676       0.0011836764581376
 2459013.2648797999136150       0.9998489989737174       0.0011836764581376
 2459013.3065475998446345       1.0001961262093548       0.0011836764581376
 2459013.3273815000429749       0.9998326808066702       0.0011836764581376
 2459013.3482153997756541       1.0003557969437193       0.0011836764581376
 2459013.3690492999739945       0.9993168727954720       0.0011836764581376
 2459013.3898831000551581       0.9990251417936622       0.0011836764581376
 2459013.4107169997878373       0.9981117872486256       0.0011836764581376
 2459013.4315508999861777       0.9988044844493278       0.0011836764581376
 2459013.4523848001845181       1.0001542021478931       0.0011836764581376
 2459013.4940526001155376       1.0003277083302182       0.0011836764581376
 2459013.5148864001967013       0.9987054908534949       0.0011836764581376
 2459013.5357202999293804       1.0008385627278786       0.0011836764581376
 2459013.5565542001277208       1.0004612700676530       0.0011836764581376
 2459013.5773880998604000       1.0003936669801263       0.0011836764581376
 2459013.5982220000587404       0.9999415263804681       0.0011836764581376
 2459013.6190558997914195       1.0009962724427794       0.0011836764581376
 2459013.6607236000709236       1.0010678462516751       0.0011836764581376
 2459013.6815574998036027       0.9990373984067253       0.0011836764581376
 2459013.7232253002002835       1.0000973171285050       0.0011836764581376
 2459013.7440591999329627       0.9998084741259186       0.0011836764581376
 2459013.7648931001313031       0.9997496106319901       0.0011836764581376
 2459013.7857269002124667       0.9988768519505191       0.0011836764581376
 2459013.8065607999451458       0.9992044543334848       0.0011836764581376
 2459013.8273947001434863       0.9997925245218480       0.0011836764581376
 2459013.8482285998761654       0.9980975845624569       0.0011836764581376
 2459013.8690625000745058       0.9950229210970447       0.0011836764581376
 2459013.9107301998883486       0.9961872205356358       0.0011836764581376
 2459013.9315641000866890       0.9967651280612458       0.0011836764581376
 2459013.9523979998193681       0.9997358893609374       0.0011836764581376
 2459013.9732319000177085       1.0004326783398561       0.0011836764581376
 2459013.9940657000988722       0.9994424593812500       0.0011836764581376
 2459014.0148995998315513       1.0003329865273900       0.0011836764581376
 2459014.0357335000298917       0.9999937077027565       0.0011836764581376
 2459014.0565674002282321       1.0009293870081102       0.0011836764581376
 2459014.0774012999609113       1.0008030153743848       0.0011836764581376
 2459014.0982351000420749       0.9999938161064330       0.0011836764581376
 2459014.1399028999730945       0.9998080594799562       0.0011836764581376
 2459014.1607368001714349       1.0012171879573695       0.0011836764581376
 2459014.1815706999041140       1.0005908683406557       0.0011836764581376
 2459014.2024044999852777       1.0006632892901064       0.0011836764581376
 2459014.2232384001836181       0.9986430376546405       0.0011836764581376
 2459014.2440722999162972       0.9986771319039454       0.0011836764581376
 2459014.2649062001146376       1.0017737569816818       0.0011836764581376
 2459014.2857400998473167       0.9992323474943422       0.0011836764581376
 2459014.3065738999284804       0.9998659494573149       0.0011836764581376
 2459014.3274078001268208       0.9988542728716769       0.0011836764581376
 2459014.3690756000578403       0.9986012350319792       0.0011836764581376
 2459014.3899094001390040       0.9988593321288668       0.0011836764581376
 2459014.4107432998716831       0.9996049784483496       0.0011836764581376
 2459014.4524110998027027       1.0007309075683211       0.0011836764581376
 2459014.4732448998838663       0.9991387810285731       0.0011836764581376
 2459014.4940788000822067       1.0005377327272265       0.0011836764581376
 2459014.5357466000132263       1.0010697062899023       0.0011836764581376
 2459014.5774142998270690       0.9999714190717104       0.0011836764581376
 2459014.5982482000254095       1.0006239106629369       0.0011836764581376
 2459014.6190821002237499       1.0008153038565415       0.0011836764581376
 2459014.6399158998392522       1.0001004311241288       0.0011836764581376
 2459014.6607498000375926       1.0000604486382487       0.0011836764581376
 2459014.6815836997702718       1.0000719076708144       0.0011836764581376
 2459014.7024175999686122       1.0008417446255062       0.0011836764581376
 2459014.7232514000497758       1.0000475507283031       0.0011836764581376
 2459014.7440852997824550       1.0001741127525945       0.0011836764581376
 2459014.7649191999807954       0.9993633812021372       0.0011836764581376
 2459014.7857531001791358       0.9990297348073522       0.0011836764581376
 2459014.8065868997946382       0.9962052137910591       0.0011836764581376
 2459014.8274207999929786       0.9965875459996230       0.0011836764581376
 2459014.8482547001913190       0.9958386844353508       0.0011836764581376
 2459014.8690884998068213       0.9959312668535363       0.0011836764581376
 2459014.8899224000051618       0.9969444898737507       0.0011836764581376
 2459014.9107563002035022       1.0004162255117048       0.0011836764581376
 2459014.9315901999361813       1.0001059056669648       0.0011836764581376
 2459014.9732579002156854       1.0001873058127013       0.0011836764581376
 2459014.9940917999483645       1.0008240115379752       0.0011836764581376
 2459015.0149256000295281       1.0001922773398690       0.0011836764581376
 2459015.0357595002278686       1.0010858536695668       0.0011836764581376
 2459015.0565933999605477       1.0000360675569737       0.0011836764581376
 2459015.0982610997743905       1.0014905402440764       0.0011836764581376
 2459015.1190949999727309       0.9999507058231960       0.0011836764581376
 2459015.1399289001710713       0.9999784897328277       0.0011836764581376
 2459015.1815965999849141       0.9990657077709871       0.0011836764581376
 2459015.2024305001832545       1.0003621043540540       0.0011836764581376
 2459015.2232642997987568       1.0007447934526190       0.0011836764581376
 2459015.2440981999970973       0.9996138592404031       0.0011836764581376
 2459015.2857658998109400       0.9995991467951969       0.0011836764581376
 2459015.3065998000092804       0.9991984590554575       0.0011836764581376
 2459015.3274337002076209       0.9986083173641662       0.0011836764581376
 2459015.3482674998231232       0.9994530082693432       0.0011836764581376
 2459015.3691014000214636       1.0002542271350068       0.0011836764581376
 2459015.3899353002198040       0.9997099651131882       0.0011836764581376
 2459015.4107690998353064       0.9993679149639773       0.0011836764581376
 2459015.4316030000336468       1.0000164607557298       0.0011836764581376
 2459015.4524369002319872       1.0008565192201873       0.0011836764581376
 2459015.4732706998474896       1.0003391376217741       0.0011836764581376
 2459015.4941046000458300       0.9997106347278485       0.0011836764581376
 2459015.5149384997785091       1.0012061460406845       0.0011836764581376
 2459015.5357722998596728       1.0004931869078755       0.0011836764581376
 2459015.5566062000580132       0.9994353645447457       0.0011836764581376
 2459015.5774400997906923       1.0002847874427876       0.0011836764581376
 2459015.5982738998718560       1.0003593252427505       0.0011836764581376
 2459015.6191078000701964       0.9997751705123236       0.0011836764581376
 2459015.6399416001513600       1.0004562705149165       0.0011836764581376
 2459015.6607754998840392       0.9982423221549936       0.0011836764581376
 2459015.6816094000823796       0.9981973619975634       0.0011836764581376
 2459015.7024432001635432       0.9989550447178228       0.0011836764581376
 2459015.7232770998962224       0.9989479886938769       0.0011836764581376
 2459015.7441110000945628       0.9968796808214347       0.0011836764581376
 2459015.7649448001757264       0.9939093023015341       0.0011836764581376
 2459015.7857786999084055       0.9955694602258099       0.0011836764581376
 2459015.8066124999895692       0.9953178588446272       0.0011836764581376
 2459015.8274464001879096       0.9969064765133141       0.0011836764581376
 2459016.4316282998770475       1.0010582562969821       0.0011836764581376
 2459016.4524622000753880       0.9991772372086966       0.0011836764581376
 2459016.4732960001565516       1.0001091437085885       0.0011836764581376
 2459016.4941298998892307       0.9997808225878041       0.0011836764581376
 2459016.5149636999703944       0.9987569069205211       0.0011836764581376
 2459016.5357976001687348       0.9996568998616318       0.0011836764581376
 2459016.5566313997842371       1.0012044972442586       0.0011836764581376
 2459016.5774652999825776       1.0003272429453458       0.0011836764581376
 2459016.6191329997964203       0.9988452882768231       0.0011836764581376
 2459016.6399667998775840       1.0000557480300052       0.0011836764581376
 2459016.6608007000759244       0.9991777657927513       0.0011836764581376
 2459016.6816345001570880       0.9985835268074837       0.0011836764581376
 2459016.7024683998897672       0.9959458295847752       0.0011836764581376
 2459016.7233021999709308       0.9948793972810555       0.0011836764581376
 2459016.7441361001692712       0.9943604439369486       0.0011836764581376
 2459016.7649698997847736       0.9950841755873413       0.0011836764581376
 2459016.7858037999831140       0.9971968650104323       0.0011836764581376
 2459016.8066376000642776       0.9997643964288815       0.0011836764581376
 2459016.8274714997969568       0.9997136460807803       0.0011836764581376
 2459016.8483052998781204       0.9996837589919569       0.0011836764581376
 2459016.8691392000764608       0.9997988061769582       0.0011836764581376
 2459016.8899730998091400       1.0003087231430341       0.0011836764581376
 2459016.9108068998903036       1.0011117365128546       0.0011836764581376
 2459016.9316406999714673       1.0013298732933815       0.0011836764581376
 2459016.9524746001698077       1.0008688430746748       0.0011836764581376
 2459016.9733083997853100       0.9999928626601993       0.0011836764581376
 2459016.9941422999836504       1.0004981780470723       0.0011836764581376
 2459017.0149761000648141       1.0013236597455533       0.0011836764581376
 2459017.0358099997974932       1.0010241449503545       0.0011836764581376
 2459017.0566437998786569       1.0002446602326118       0.0011836764581376
 2459017.0774777000769973       0.9998973880924404       0.0011836764581376
 2459017.0983115001581609       1.0001530933368057       0.0011836764581376
 2459017.1191453998908401       0.9998987128592349       0.0011836764581376
 2459017.1399791999720037       1.0000663423882730       0.0011836764581376
 2459017.1608131001703441       0.9982956415769846       0.0011836764581376
 2459017.1816468997858465       0.9994206604526990       0.0011836764581376
 2459017.2024807999841869       0.9980001300143359       0.0011836764581376
 2459017.2233146000653505       0.9996746202418888       0.0011836764581376
 2459017.2441484997980297       0.9972449724317354       0.0011836764581376
 2459017.2649822998791933       0.9989818980012171       0.0011836764581376
 2459017.2858162000775337       0.9997288500195144       0.0011836764581376
 2459017.3066500001586974       1.0008600072932499       0.0011836764581376
 2459017.3274838998913765       0.9986865541878488       0.0011836764581376
 2459017.3483176999725401       0.9986248401054173       0.0011836764581376
 2459017.3691515000537038       0.9995834363213028       0.0011836764581376
 2459017.3899853997863829       0.9999993262424385       0.0011836764581376
 2459017.4108191998675466       1.0002091569942764       0.0011836764581376
 2459017.4316531000658870       1.0001360233297512       0.0011836764581376
 2459017.4524869001470506       1.0002974710996473       0.0011836764581376
 2459017.4733207998797297       0.9998861550849392       0.0011836764581376
 2459017.4941545999608934       1.0007415452448456       0.0011836764581376
 2459017.5149885001592338       1.0007470745651785       0.0011836764581376
 2459017.5358222997747362       1.0013271561850743       0.0011836764581376
 2459017.5774900000542402       0.9989078243127042       0.0011836764581376
 2459017.5983238001354039       0.9988999968955873       0.0011836764581376
 2459017.6191576998680830       0.9999513172720642       0.0011836764581376
 2459017.6399914999492466       0.9987823807566522       0.0011836764581376
 2459017.6608254001475871       0.9952801136081034       0.0011836764581376
 2459017.6816592002287507       0.9950606005471941       0.0011836764581376
 2459017.7024929998442531       0.9958305439485610       0.0011836764581376
 2459017.7233269000425935       0.9961741983506415       0.0011836764581376
 2459017.7441607001237571       0.9965548715222869       0.0011836764581376
 2459017.7649945998564363       0.9983103492460168       0.0011836764581376
 2459017.7858283999375999       1.0000297557563687       0.0011836764581376
 2459017.8066622000187635       1.0001906497862294       0.0011836764581376
 2459017.8274961002171040       1.0013092245205557       0.0011836764581376
 2459017.8483298998326063       0.9993176641873902       0.0011836764581376
 2459017.8691638000309467       1.0012314940049880       0.0011836764581376
 2459017.8899976001121104       1.0006799122343490       0.0011836764581376
 2459017.9108314001932740       1.0010306010933141       0.0011836764581376
 2459017.9316652999259531       1.0008366683855021       0.0011836764581376
 2459017.9524991000071168       1.0001918063562376       0.0011836764581376
 2459017.9733330002054572       1.0005021287425613       0.0011836764581376
 2459017.9941667998209596       1.0011150419431287       0.0011836764581376
 2459018.0150005999021232       1.0005703783403379       0.0011836764581376
 2459018.0358345001004636       1.0006159379812745       0.0011836764581376
 2459018.0566683001816273       1.0011115023049133       0.0011836764581376
 2459018.0775021999143064       0.9990827453917954       0.0011836764581376
 2459018.0983359999954700       0.9991714200324056       0.0011836764581376
 2459018.1191698000766337       1.0001954048800481       0.0011836764581376
 2459018.1400036998093128       0.9997228363169034       0.0011836764581376
 2459018.1608374998904765       0.9994856978118311       0.0011836764581376
 2459018.1816712999716401       0.9988280208248033       0.0011836764581376
 2459018.2025052001699805       0.9992385829709014       0.0011836764581376
 2459018.2233389997854829       0.9991251693009398       0.0011836764581376
 2459018.2441728999838233       0.9997295100252157       0.0011836764581376
 2459018.2650067000649869       1.0011899559737625       0.0011836764581376
 2459018.2858405001461506       1.0008868413180838       0.0011836764581376
 2459018.3066743998788297       0.9998191229929072       0.0011836764581376
 2459018.3275081999599934       1.0004155367893108       0.0011836764581376
 2459018.3483420000411570       0.9996090318778847       0.0011836764581376
 2459018.3691758997738361       0.9998973886388381       0.0011836764581376
 2459018.3900096998549998       1.0005803898633676       0.0011836764581376
 2459018.4108434999361634       0.9993872626738952       0.0011836764581376
 2459018.4316774001345038       1.0005555359239406       0.0011836764581376
 2459018.4525112002156675       1.0005307909427512       0.0011836764581376
 2459018.4733450999483466       0.9992225659807707       0.0011836764581376
 2459018.4941789000295103       0.9991421507487829       0.0011836764581376
 2459018.5150127001106739       0.9998058808785245       0.0011836764581376
 2459018.5358465998433530       1.0002705064273500       0.0011836764581376
 2459018.5566803999245167       0.9995482396128981       0.0011836764581376
 2459018.5775142000056803       0.9999453491138114       0.0011836764581376
 2459018.5983481002040207       0.9975334049638723       0.0011836764581376
 2459018.6191818998195231       0.9966085659484336       0.0011836764581376
 2459018.6400156999006867       0.9961817499378155       0.0011836764581376
 2459018.6608496000990272       0.9960072576730281       0.0011836764581376
 2459018.6816834001801908       0.9958095733036925       0.0011836764581376
 2459018.7025171997956932       0.9994274695882420       0.0011836764581376
 2459018.7233510999940336       0.9985429276379862       0.0011836764581376
 2459018.7441849000751972       0.9990518603927458       0.0011836764581376
 2459018.7650187001563609       0.9998648151894730       0.0011836764581376
 2459018.7858525998890400       1.0007404852333046       0.0011836764581376
 2459018.8066863999702036       0.9998724986515986       0.0011836764581376
 2459018.8275202000513673       1.0010000292954013       0.0011836764581376
 2459018.8483540997840464       1.0006632042466248       0.0011836764581376
 2459018.8691878998652101       1.0002734148138985       0.0011836764581376
 2459018.8900216999463737       1.0003182631000351       0.0011836764581376
 2459018.9108556001447141       1.0000072072518584       0.0011836764581376
 2459018.9316894002258778       1.0012465646793642       0.0011836764581376
 2459018.9525231998413801       1.0013824061673915       0.0011836764581376
 2459018.9733569999225438       1.0006006177080327       0.0011836764581376
 2459018.9941909001208842       0.9999967724291291       0.0011836764581376
 2459019.0150247002020478       1.0004206343357984       0.0011836764581376
 2459019.0358584998175502       0.9999979146773188       0.0011836764581376
 2459019.0566924000158906       0.9997818644141572       0.0011836764581376
 2459019.0775262000970542       0.9995919122986132       0.0011836764581376
 2459019.0983600001782179       0.9987827968714491       0.0011836764581376
 2459019.1191938999108970       0.9993179336488675       0.0011836764581376
 2459019.1400276999920607       0.9992078061372212       0.0011836764581376
 2459019.1608615000732243       0.9986652118040801       0.0011836764581376
 2459019.1816953998059034       0.9990920194814811       0.0011836764581376
 2459019.2025291998870671       0.9998780815994435       0.0011836764581376
 2459019.2233629999682307       1.0008826429795892       0.0011836764581376
 2459019.2441968000493944       0.9988151395556982       0.0011836764581376
 2459019.2650306997820735       1.0000353355706451       0.0011836764581376
 2459019.2858644998632371       1.0000506043683883       0.0011836764581376
 2459019.3066982999444008       0.9996633660070252       0.0011836764581376
 2459019.3483660002239048       1.0001427934578639       0.0011836764581376
 2459019.3691997998394072       0.9999168717546583       0.0011836764581376
 2459019.4108675001189113       0.9986801624350617       0.0011836764581376
 2459019.4733690000139177       0.9976245647689120       0.0011836764581376
 2459019.4942028000950813       0.9997587373000851       0.0011836764581376
 2459019.5150366001762450       0.9999307824977716       0.0011836764581376
 2459019.5358704999089241       0.9991567468909618       0.0011836764581376
 2459019.5567042999900877       0.9961217892275205       0.0011836764581376
 2459019.5983719001524150       0.9940201045790550       0.0011836764581376
 2459019.6192057998850942       0.9963484755838045       0.0011836764581376
 2459019.6400395999662578       0.9962066188036142       0.0011836764581376
 2459019.6608734000474215       0.9994092829937189       0.0011836764581376
 2459019.7025410998612642       1.0004300571186566       0.0011836764581376
 2459019.7233748999424279       1.0007215933338147       0.0011836764581376
 2459019.7442087000235915       1.0006558993712564       0.0011836764581376
 2459019.7650426002219319       0.9986032852629685       0.0011836764581376
 2459019.8067101999185979       1.0004179460245708       0.0011836764581376
 2459019.8275439999997616       1.0021890800492750       0.0011836764581376
 2459019.8483779001981020       0.9999049567906270       0.0011836764581376
 2459019.8692116998136044       0.9989322358333625       0.0011836764581376
 2459019.8900454998947680       0.9993707924165621       0.0011836764581376
 2459019.9108794000931084       0.9993985793574753       0.0011836764581376
 2459019.9317132001742721       0.9998084960653233       0.0011836764581376
 2459019.9525469997897744       0.9997441570285261       0.0011836764581376
 2459019.9733807998709381       1.0000045465693790       0.0011836764581376
 2459019.9942147000692785       1.0005078529734033       0.0011836764581376
 2459020.0150485001504421       0.9999657003533338       0.0011836764581376
 2459020.0358823002316058       0.9979125091018116       0.0011836764581376
 2459020.0567160998471081       0.9990690931934973       0.0011836764581376
 2459020.0775500000454485       0.9990853523302077       0.0011836764581376
 2459020.0983838001266122       1.0006024567809773       0.0011836764581376
 2459020.1192176002077758       1.0003393659603279       0.0011836764581376
 2459020.1400514999404550       0.9998583258670741       0.0011836764581376
 2459020.1608853000216186       0.9999413288863692       0.0011836764581376
 2459020.1817191001027822       1.0000000822563540       0.0011836764581376
 2459020.2233867999166250       0.9998983726606127       0.0011836764581376
 2459020.2442205999977887       0.9993194563787107       0.0011836764581376
 2459020.2650544000789523       1.0004113803064807       0.0011836764581376
 2459020.2858882998116314       1.0003462687288571       0.0011836764581376
 2459020.3067220998927951       0.9998573874537194       0.0011836764581376
 2459020.3275558999739587       0.9992256222608096       0.0011836764581376
 2459020.3483897000551224       1.0003583241606715       0.0011836764581376
 2459020.3692235997878015       1.0013993082802213       0.0011836764581376
 2459020.3900573998689651       0.9994697449946697       0.0011836764581376
 2459020.4108911999501288       0.9993099298341174       0.0011836764581376
 2459020.4317250000312924       0.9993049014204323       0.0011836764581376
 2459020.4525589002296329       0.9989841517738159       0.0011836764581376
 2459020.4733926998451352       0.9996823181633859       0.0011836764581376
 2459020.5150604001246393       0.9949380191545087       0.0011836764581376
 2459020.5358942002058029       0.9950260534030658       0.0011836764581376
 2459020.7859001001343131       0.9997195421537683       0.0011836764581376
 2459020.8067339998669922       1.0016456039071302       0.0011836764581376
 2459020.8275677999481559       1.0008771306126294       0.0011836764581376
 2459020.8484016000293195       1.0011981287904237       0.0011836764581376
 2459020.8692355002276599       1.0001602215046257       0.0011836764581376
 2459020.8900692998431623       1.0017866829027249       0.0011836764581376
 2459020.9109030999243259       0.9997919721947062       0.0011836764581376
 2459020.9317370001226664       0.9988373538802454       0.0011836764581376
 2459020.9525708002038300       0.9996428561124425       0.0011836764581376
 2459020.9734045998193324       0.9990054703459029       0.0011836764581376
 2459021.0150723000988364       1.0013345198146979       0.0011836764581376
 2459021.0359061001800001       1.0003779936874657       0.0011836764581376
 2459021.0567398997955024       0.9993184704720762       0.0011836764581376
 2459021.0775737999938428       0.9999177155084712       0.0011836764581376
 2459021.0984076000750065       0.9983718396659226       0.0011836764581376
 2459021.1192414001561701       0.9999941778730757       0.0011836764581376
 2459021.1400752998888493       1.0001458378970214       0.0011836764581376
 2459021.1609090999700129       1.0007084899370760       0.0011836764581376
 2459021.1817429000511765       0.9988962315013402       0.0011836764581376
 2459021.2234105998650193       0.9978765422214342       0.0011836764581376
 2459021.2859121002256870       0.9982596851379792       0.0011836764581376
 2459021.3067459999583662       1.0002516085252127       0.0011836764581376
 2459021.3484136001206934       1.0003735222842927       0.0011836764581376
 2459021.3692474998533726       0.9983701601603511       0.0011836764581376
 2459021.3900812999345362       0.9996560832122728       0.0011836764581376
 2459021.4109151000156999       0.9996824504227654       0.0011836764581376
 2459021.4317490002140403       1.0001737266891764       0.0011836764581376
 2459021.4525827998295426       0.9963469622122312       0.0011836764581376
 2459021.4734167000278831       0.9952834711512836       0.0011836764581376
 2459021.4942505001090467       0.9962572987025211       0.0011836764581376
 2459021.5150843001902103       0.9955917858256104       0.0011836764581376
 2459021.5359181999228895       0.9964755032030210       0.0011836764581376
 2459021.5567520000040531       0.9986676917219458       0.0011836764581376
 2459021.5775859002023935       1.0004690538041334       0.0011836764581376
 2459021.5984196998178959       1.0000784109023748       0.0011836764581376
 2459021.6192534998990595       1.0014483973758370       0.0011836764581376
 2459021.6400874000974000       1.0007828956407203       0.0011836764581376
 2459021.6609212001785636       1.0009204202704547       0.0011836764581376
 2459021.6817550999112427       1.0012223375923373       0.0011836764581376
 2459021.7025888999924064       1.0004524833833530       0.0011836764581376
 2459021.7234227000735700       1.0005044265607841       0.0011836764581376
 2459021.7442565998062491       1.0007712205041241       0.0011836764581376
 2459021.7650903998874128       1.0005249264899867       0.0011836764581376
 2459021.7859243000857532       1.0000815054108667       0.0011836764581376
 2459021.8067581001669168       0.9990126969598390       0.0011836764581376
 2459021.8275919998995960       0.9996345755609515       0.0011836764581376
 2459021.8484257999807596       1.0001449516138963       0.0011836764581376
 2459021.8692596000619233       0.9994703874761923       0.0011836764581376
 2459021.8900934997946024       0.9994393246824644       0.0011836764581376
 2459023.1401153998449445       0.9995843304535882       0.0011836764581376
 2459023.1609490001574159       0.9992319758178433       0.0011836764581376
 2459023.2026161001995206       0.9993927100635129       0.0011836764581376
 2459023.2234497000463307       1.0000294872801658       0.0011836764581376
 2459023.2442831997759640       0.9997705367803403       0.0011836764581376
 2459023.2651168000884354       0.9988110783018295       0.0011836764581376
 2459023.3067839001305401       1.0011333796571600       0.0011836764581376
 2459023.3276174999773502       0.9987961336270639       0.0011836764581376
 2459023.3484510001726449       0.9976646729054036       0.0011836764581376
 2459023.3692846000194550       0.9942691653984059       0.0011836764581376
 2459023.4317852999083698       0.9978634179439357       0.0011836764581376
 2459023.4526188001036644       0.9996695544721069       0.0011836764581376
 2459023.4734523999504745       1.0014459757269318       0.0011836764581376
 2459023.4942859997972846       1.0008799910200450       0.0011836764581376
 2459023.5151194999925792       1.0004348461631469       0.0011836764581376
 2459023.5359530998393893       1.0001312223634053       0.0011836764581376
 2459023.5776201998814940       1.0012420228054832       0.0011836764581376
 2459023.5984538001939654       1.0008578941011128       0.0011836764581376
 2459023.6192872999235988       0.9995565859909536       0.0011836764581376
 2459023.6609545000828803       1.0010633676888645       0.0011836764581376
 2459023.7026216001249850       1.0007258560382641       0.0011836764581376
 2459023.7234550998546183       1.0023453403089633       0.0011836764581376
 2459023.7442887001670897       0.9996554753188850       0.0011836764581376
 2459023.7859558002091944       0.9996453057977626       0.0011836764581376
 2459023.8067894000560045       0.9993945604069294       0.0011836764581376
 2459023.8276229999028146       1.0004575482568026       0.0011836764581376
 2459023.8484565000981092       1.0006796549932617       0.0011836764581376
 2459023.8692900999449193       0.9990825752032596       0.0011836764581376
 2459023.8901236001402140       0.9997051855507825       0.0011836764581376
 2459023.9317907998338342       1.0003824204369007       0.0011836764581376
 2459023.9942915001884103       0.9999345924183638       0.0011836764581376
 2459024.0151249999180436       1.0006734841352938       0.0011836764581376
 2459024.0359586002305150       1.0001928571899370       0.0011836764581376
 2459024.0567920999601483       1.0005218863108076       0.0011836764581376
 2459024.0984593001194298       1.0007333030128434       0.0011836764581376
 2459024.1192927998490632       1.0010894122220300       0.0011836764581376
 2459024.1401264001615345       1.0001338457617304       0.0011836764581376
 2459024.1609600000083447       1.0004593684037169       0.0011836764581376
 2459024.1817935002036393       1.0005987296039254       0.0011836764581376
 2459024.2026271000504494       1.0002141873635368       0.0011836764581376
 2459024.2234605997800827       0.9996637592950367       0.0011836764581376
 2459024.2442942000925541       0.9998807255273292       0.0011836764581376
 2459024.2651277999393642       0.9999504907728952       0.0011836764581376
 2459024.2859613001346588       0.9992580207450759       0.0011836764581376
 2459024.3067948999814689       0.9966395907176104       0.0011836764581376
 2459024.3276284998282790       0.9969517089975232       0.0011836764581376
 2459024.3484620000235736       0.9951808769498512       0.0011836764581376
 2459024.3692955998703837       0.9940126590964418       0.0011836764581376
 2459024.4109626999124885       0.9990054652736039       0.0011836764581376
 2459024.4317963002249599       0.9987029250073242       0.0011836764581376
 2459024.4526297999545932       0.9981326507630983       0.0011836764581376
 2459024.4734633998014033       0.9988945594957266       0.0011836764581376
 2459024.4942970001138747       0.9999417289571361       0.0011836764581376
 2459024.5151304998435080       1.0008463726184131       0.0011836764581376
 2459024.5567977000027895       1.0007735279103118       0.0011836764581376
 2459024.5984648000448942       1.0006050882751876       0.0011836764581376
 2459024.6192982997745275       1.0008386237489646       0.0011836764581376
 2459024.6401319000869989       0.9989287512246509       0.0011836764581376
 2459024.6609654999338090       1.0009954800640393       0.0011836764581376
 2459024.6817990001291037       1.0000474167760245       0.0011836764581376
 2459024.7026325999759138       0.9991942307557281       0.0011836764581376
 2459024.7234661998227239       1.0004406015416878       0.0011836764581376
 2459024.7442997000180185       0.9990505842785392       0.0011836764581376
 2459024.8693010997958481       0.9988446767674978       0.0011836764581376
 2459025.0151359997689724       1.0011213099778875       0.0011836764581376
 2459025.0568031999282539       0.9991067653830623       0.0011836764581376
 2459025.0984702999703586       1.0005183291486242       0.0011836764581376
 2459025.1401374000124633       1.0008902721487998       0.0011836764581376
 2459025.1609709998592734       1.0003613485076774       0.0011836764581376
 2459025.1818045000545681       1.0001576542738653       0.0011836764581376
 2459025.2026380999013782       0.9989290057077794       0.0011836764581376
 2459025.2234716000966728       1.0005749699337103       0.0011836764581376
 2459025.2443051999434829       0.9968641091184195       0.0011836764581376
 2459025.2651387997902930       0.9959152432244180       0.0011836764581376
 2459025.2859722999855876       0.9958130700703397       0.0011836764581376
 2459025.3068058998323977       0.9947884844590111       0.0011836764581376
 2459025.3276394000276923       0.9950638931063266       0.0011836764581376
 2459025.3484729998745024       0.9975668772544910       0.0011836764581376
 2459025.3693066001869738       0.9997295671723270       0.0011836764581376
 2459025.3901400999166071       0.9995222273154335       0.0011836764581376
 2459025.4109737002290785       0.9991435825365877       0.0011836764581376
 2459025.4318071999587119       0.9997581546640574       0.0011836764581376
 2459025.4734744001179934       0.9995677110183459       0.0011836764581376
 2459025.4943078998476267       0.9994469416700987       0.0011836764581376
 2459025.5151415001600981       1.0001887891131875       0.0011836764581376
 2459025.5359749998897314       1.0005504879174143       0.0011836764581376
 2459025.5568086002022028       0.9992577920032863       0.0011836764581376
 2459025.5776422000490129       1.0011288840356021       0.0011836764581376
 2459025.5984756997786462       1.0003899247139871       0.0011836764581376
 2459025.6193093000911176       1.0009178271196024       0.0011836764581376
 2459025.6401427998207510       1.0020882117357928       0.0011836764581376
 2459025.6609764001332223       1.0001173039932068       0.0011836764581376
 2459025.6818099999800324       1.0014339205723097       0.0011836764581376
 2459025.7026435001753271       0.9994742377730219       0.0011836764581376
 2459025.7234771000221372       0.9990619450499537       0.0011836764581376
 2459025.7443106002174318       1.0001722635818655       0.0011836764581376
 2459025.7651442000642419       0.9996059236694125       0.0011836764581376
 2459025.7859776997938752       0.9989190925235224       0.0011836764581376
 2459025.8068113001063466       0.9994695720194877       0.0011836764581376
 2459025.8276448999531567       1.0009258866279238       0.0011836764581376
 2459025.8484784001484513       1.0004997868575256       0.0011836764581376
 2459025.8693119999952614       0.9989312824374147       0.0011836764581376
 2459025.8901455001905560       0.9995158962012607       0.0011836764581376
 2459025.9109791000373662       0.9999976243989306       0.0011836764581376
 2459025.9526462000794709       1.0005365106095343       0.0011836764581376
 2459025.9734796998091042       1.0002553958491205       0.0011836764581376
 2459025.9943133001215756       1.0006639844099268       0.0011836764581376
 2459026.0151468999683857       1.0009163355487589       0.0011836764581376
 2459026.0359804001636803       1.0001847931623573       0.0011836764581376
 2459026.0568140000104904       1.0009852131972752       0.0011836764581376
 2459026.0776475002057850       0.9988613094286436       0.0011836764581376
 2459026.1193145997822285       0.9996134517478166       0.0011836764581376
 2459026.1401482000946999       0.9987109650040034       0.0011836764581376
 2459026.1818153001368046       0.9985221787003173       0.0011836764581376
 2459026.2026487998664379       0.9969231770767568       0.0011836764581376
 2459026.2443158999085426       0.9954305278292146       0.0011836764581376
 2459026.2651495002210140       0.9948713157897977       0.0011836764581376
 2459026.2859831000678241       0.9953726216930195       0.0011836764581376
 2459026.3068165997974575       0.9998724936453656       0.0011836764581376
 2459026.3276502001099288       0.9995495298594698       0.0011836764581376
 2459026.3484836998395622       1.0001992557070676       0.0011836764581376
 2459026.3693173001520336       0.9994615595130096       0.0011836764581376
 2459026.3901507998816669       1.0001875546857795       0.0011836764581376
 2459026.4109844001941383       0.9999950353990166       0.0011836764581376
 2459026.4318178999237716       0.9991880089261582       0.0011836764581376
 2459026.4526514997705817       1.0003615750720611       0.0011836764581376
 2459026.4734849999658763       0.9999868159175862       0.0011836764581376
 2459026.4943185998126864       1.0003245422203788       0.0011836764581376
 2459026.5151521000079811       1.0013725648236655       0.0011836764581376
 2459026.5359856998547912       1.0004771935178216       0.0011836764581376
 2459026.5568192000500858       0.9998681746178698       0.0011836764581376
 2459026.5776527998968959       0.9999261869076794       0.0011836764581376
 2459026.5984863000921905       1.0001510364516508       0.0011836764581376
 2459026.6193198999390006       1.0003035686081581       0.0011836764581376
 2459026.6401534001342952       0.9992702354673990       0.0011836764581376
 2459026.6609869999811053       1.0008919983491427       0.0011836764581376
 2459026.7026541000232100       0.9994444868403014       0.0011836764581376
 2459026.7443212000653148       0.9999639520499624       0.0011836764581376
 2459026.7651546997949481       0.9998612747502531       0.0011836764581376
 2459026.7859883001074195       0.9995971455350067       0.0011836764581376
 2459026.8068217998370528       1.0012588248483458       0.0011836764581376
 2459026.8276554001495242       0.9998471490609577       0.0011836764581376
 2459026.8484888998791575       1.0004246618316051       0.0011836764581376
 2459026.8693224000744522       0.9995740079450501       0.0011836764581376
 2459026.8901559999212623       1.0016555837460885       0.0011836764581376
 2459026.9109895001165569       1.0011305091333929       0.0011836764581376
 2459026.9318230999633670       0.9997776301355075       0.0011836764581376
 2459026.9526566001586616       1.0021754246089798       0.0011836764581376
 2459026.9734902000054717       1.0008168045587285       0.0011836764581376
 2459026.9943237002007663       1.0002070861315095       0.0011836764581376
 2459027.0359907997772098       1.0004098093735032       0.0011836764581376
 2459027.0568244000896811       0.9996443033804131       0.0011836764581376
 2459027.0776578998193145       1.0006117627231521       0.0011836764581376
 2459027.0984914000146091       0.9988526451905935       0.0011836764581376
 2459027.1193249998614192       1.0000178640737067       0.0011836764581376
 2459027.1401585000567138       0.9970971514125077       0.0011836764581376
 2459027.1609920999035239       0.9947562995824840       0.0011836764581376
 2459027.2026591999456286       0.9953209683360229       0.0011836764581376
 2459027.2234927001409233       0.9949400950362091       0.0011836764581376
 2459027.2443261998705566       0.9975833606100232       0.0011836764581376
 2459027.2651598001830280       0.9995370739418480       0.0011836764581376
 2459027.2859932999126613       0.9997905930425215       0.0011836764581376
 2459027.3068269002251327       1.0009114241121604       0.0011836764581376
 2459027.3276603999547660       1.0008226302211729       0.0011836764581376
 2459027.3484939998015761       1.0011025229804662       0.0011836764581376
 2459027.3693274999968708       0.9998653471789292       0.0011836764581376
 2459027.3901610001921654       1.0004625512538901       0.0011836764581376
 2459027.4109946000389755       1.0006147120349715       0.0011836764581376
 2459027.4318280997686088       1.0002187436874197       0.0011836764581376
 2459027.4526617000810802       0.9996261200910106       0.0011836764581376
 2459027.4734951998107135       1.0004537627167587       0.0011836764581376
 2459027.4943287000060081       0.9991448030548848       0.0011836764581376
 2459027.5151622998528183       0.9997434836259943       0.0011836764581376
 2459027.5568293998949230       1.0005348039120519       0.0011836764581376
 2459027.5776629000902176       1.0009595710259900       0.0011836764581376
 2459027.5984963998198509       0.9992187006585498       0.0011836764581376
 2459027.6193300001323223       0.9988996425712244       0.0011836764581376
 2459027.6401634998619556       1.0003242708578337       0.0011836764581376
 2459027.6609971001744270       0.9989423254432386       0.0011836764581376
 2459027.6818305999040604       0.9986369948605781       0.0011836764581376
 2459027.7026641000993550       1.0005234153697788       0.0011836764581376
 2459027.7234976999461651       1.0006910907985049       0.0011836764581376
 2459027.7443312001414597       1.0010403716264467       0.0011836764581376
 2459027.7651646998710930       0.9997805123043781       0.0011836764581376
 2459027.7859983001835644       1.0017107297879464       0.0011836764581376
 2459027.8068317999131978       1.0002562095970051       0.0011836764581376
 2459027.8276653001084924       1.0014133850147344       0.0011836764581376
 2459027.8484988999553025       1.0006529796753199       0.0011836764581376
 2459027.8693324001505971       1.0002698268408876       0.0011836764581376
 2459027.8901659999974072       1.0011604662794111       0.0011836764581376
 2459027.9109995001927018       1.0006708075887605       0.0011836764581376
 2459027.9318329999223351       0.9998148462041202       0.0011836764581376
 2459027.9526665997691453       0.9990945439313748       0.0011836764581376
 2459027.9735000999644399       0.9998821560162341       0.0011836764581376
 2459027.9943336001597345       0.9997719789590622       0.0011836764581376
 2459028.0151672000065446       0.9989224773726809       0.0011836764581376
 2459028.0360007002018392       0.9994123225572021       0.0011836764581376
 2459028.0568341999314725       0.9993625331477779       0.0011836764581376
 2459028.0776677997782826       0.9992694978473040       0.0011836764581376
 2459028.0985012999735773       0.9974516568898019       0.0011836764581376
 2459028.1193348001688719       0.9968219748830773       0.0011836764581376
 2459028.1401684000156820       0.9956402928132441       0.0011836764581376
 2459028.1610019002109766       0.9952974770984149       0.0011836764581376
 2459028.1818353999406099       0.9953133141173142       0.0011836764581376
 2459028.2026689997874200       0.9983445341464685       0.0011836764581376
 2459028.2235024999827147       0.9991742325914599       0.0011836764581376
 2459028.2443360001780093       0.9997100365968030       0.0011836764581376
 2459028.2651694999076426       1.0001207518409116       0.0011836764581376
 2459028.2860031002201140       1.0003068574940503       0.0011836764581376
 2459028.3068365999497473       1.0006916990368790       0.0011836764581376
 2459028.3276701001450419       1.0002190252978480       0.0011836764581376
 2459028.3485036999918520       0.9995163033164399       0.0011836764581376
 2459028.3693372001871467       1.0012636602968272       0.0011836764581376
 2459028.3901706999167800       1.0006793341646407       0.0011836764581376
 2459028.4110043002292514       0.9999822590391027       0.0011836764581376
 2459028.4318377999588847       1.0007397276008447       0.0011836764581376
 2459028.4526713001541793       0.9995918009814619       0.0011836764581376
 2459028.4735047998838127       1.0003423205141355       0.0011836764581376
 2459028.4943384001962841       0.9996037923107104       0.0011836764581376
 2459028.5151718999259174       1.0000540808917282       0.0011836764581376
 2459028.5360054001212120       1.0003437944353739       0.0011836764581376
 2459028.5568388998508453       1.0004333144370983       0.0011836764581376
 2459028.5776725001633167       0.9989540859088391       0.0011836764581376
 2459028.5985059998929501       0.9991729168826188       0.0011836764581376
 2459028.6193395000882447       0.9988914539423593       0.0011836764581376
 2459028.6818400998599827       0.9988635524116898       0.0011836764581376
 2459028.7026736000552773       0.9994280326583234       0.0011836764581376
 2459028.7443407000973821       1.0007675197342998       0.0011836764581376
 2459028.8276748000644147       1.0002907501995855       0.0011836764581376
 2459028.8485082997940481       1.0003430898730576       0.0011836764581376
 2459028.8693417999893427       1.0008446684784345       0.0011836764581376
 2459028.9110089000314474       1.0005577040771902       0.0011836764581376
 2459028.9318424002267420       1.0003191389022945       0.0011836764581376
 2459028.9526758999563754       1.0001739691146465       0.0011836764581376
 2459028.9735094001516700       0.9994388362740098       0.0011836764581376
 2459028.9943429999984801       0.9996383043820581       0.0011836764581376
 2459029.0151765001937747       0.9993923536874311       0.0011836764581376
 2459029.0360099999234080       0.9987463926960735       0.0011836764581376
 2459029.0568435001187027       0.9980269461516605       0.0011836764581376
 2459029.0776769998483360       0.9966370844493775       0.0011836764581376
 2459029.0985106001608074       0.9948961329560460       0.0011836764581376
 2459029.1193440998904407       0.9958968242637256       0.0011836764581376
 2459029.1401776000857353       0.9965875635452510       0.0011836764581376
 2459029.1818446000106633       1.0004438706623429       0.0011836764581376
 2459029.2026781998574734       0.9995457050875920       0.0011836764581376
 2459029.2235117000527680       1.0002012545437275       0.0011836764581376
 2459029.2443451997824013       0.9989650209405228       0.0011836764581376
 2459029.2651786999776959       1.0002392081648950       0.0011836764581376
 2459029.2860122001729906       1.0012713968687559       0.0011836764581376
 2459029.3068458000198007       1.0003135701278034       0.0011836764581376
 2459029.3276793002150953       1.0001340708127402       0.0011836764581376
 2459029.3693463001400232       1.0011139663714783       0.0011836764581376
 2459029.3901797998696566       1.0011086895142780       0.0011836764581376
 2459029.4110133000649512       1.0002469848815263       0.0011836764581376
 2459029.4318468999117613       1.0000221743283106       0.0011836764581376
 2459029.4526804001070559       0.9994090393283769       0.0011836764581376
 2459029.4735138998366892       1.0009400278384040       0.0011836764581376
 2459029.4943474000319839       1.0007145371195303       0.0011836764581376
 2459029.5151809002272785       1.0003105229112148       0.0011836764581376
 2459029.5360143999569118       1.0002117883236603       0.0011836764581376
 2459029.5776814999990165       0.9986401422941090       0.0011836764581376
 2459029.5985150001943111       0.9989976851249918       0.0011836764581376
 2459029.6193484999239445       0.9997728679054428       0.0011836764581376
 2459029.6401820001192391       0.9991304564521014       0.0011836764581376
 2459029.6610154998488724       1.0008278639249628       0.0011836764581376
 2459029.6818490000441670       0.9991734191041385       0.0011836764581376
 2459029.7026824997738004       0.9997422512790481       0.0011836764581376
 2459029.7235161000862718       1.0005159573926905       0.0011836764581376
 2459029.7443495998159051       1.0012056275994239       0.0011836764581376
 2459029.7651831000111997       1.0007479538563264       0.0011836764581376
 2459029.7860166002064943       1.0008493077937164       0.0011836764581376
 2459029.8068500999361277       1.0004693910062177       0.0011836764581376
 2459029.8276836001314223       0.9996677346074900       0.0011836764581376
 2459029.8485170998610556       1.0004995237111147       0.0011836764581376
 2459029.8693506000563502       0.9996605095463582       0.0011836764581376
 2459029.8901841999031603       1.0005916922645683       0.0011836764581376
 2459029.9110177000984550       0.9994866548881769       0.0011836764581376
 2459029.9318511998280883       0.9993143081028417       0.0011836764581376
 2459029.9526847000233829       0.9999132895853071       0.0011836764581376
 2459029.9735182002186775       0.9994975532835134       0.0011836764581376
 2459029.9943516999483109       0.9986100072160049       0.0011836764581376
 2459030.0151852001436055       0.9955096441839897       0.0011836764581376
 2459030.0360186998732388       0.9950052772646185       0.0011836764581376
 2459030.0568522000685334       0.9965321898900559       0.0011836764581376
 2459030.0776856997981668       0.9957431699557494       0.0011836764581376
 2459030.0985193001106381       0.9988658687350194       0.0011836764581376
 2459030.1193527998402715       1.0000023601618193       0.0011836764581376
 2459030.1610198002308607       1.0012876640108057       0.0011836764581376
 2459030.1818532999604940       0.9992858872230825       0.0011836764581376
 2459030.2026868001557887       1.0007746589915305       0.0011836764581376
 2459030.2235202998854220       1.0000666225106771       0.0011836764581376
 2459030.2443538000807166       1.0009763168515997       0.0011836764581376
 2459030.2651872998103499       1.0003235301303326       0.0011836764581376
 2459030.2860208000056446       1.0008100235645760       0.0011836764581376
 2459030.3068543002009392       1.0018508104484254       0.0011836764581376
 2459030.3276877999305725       1.0002659204488542       0.0011836764581376
 2459030.3485213001258671       0.9994598106326483       0.0011836764581376
 2459030.3693547998555005       0.9999074199972952       0.0011836764581376
 2459030.3901883000507951       1.0010270695633694       0.0011836764581376
 2459030.4318554000928998       0.9995024102264698       0.0011836764581376
 2459030.4526888998225331       0.9993652516221520       0.0011836764581376
 2459030.4735224000178277       0.9994274132514298       0.0011836764581376
 2459030.4943559002131224       0.9999692768406125       0.0011836764581376
 2459030.5151893999427557       0.9997275916088105       0.0011836764581376
 2459030.5360229001380503       0.9990699698521250       0.0011836764581376
 2459030.5568563998676836       1.0005395137830049       0.0011836764581376
 2459030.5776899000629783       1.0009410474948874       0.0011836764581376
 2459030.5985233997926116       0.9993126256566255       0.0011836764581376
 2459030.6193568999879062       1.0003675203229880       0.0011836764581376
 2459030.6401904001832008       0.9994140806894634       0.0011836764581376
 2459030.6610238999128342       0.9989264716455517       0.0011836764581376
 2459030.6818574001081288       1.0006656520485617       0.0011836764581376
 2459030.7026908998377621       1.0001926694995491       0.0011836764581376
 2459030.7235244000330567       1.0001622206188423       0.0011836764581376
 2459030.7443579002283514       0.9994585238053875       0.0011836764581376
 2459030.7651913999579847       1.0000760912544193       0.0011836764581376
 2459030.7860249001532793       1.0000040159752541       0.0011836764581376
 2459030.8068583998829126       1.0005113231427278       0.0011836764581376
 2459030.8276919000782073       0.9991516055633476       0.0011836764581376
 2459030.8485253998078406       1.0002706527506755       0.0011836764581376
 2459030.8693589000031352       0.9992620223502243       0.0011836764581376
 2459030.8901924001984298       1.0004872007116490       0.0011836764581376
 2459030.9110258999280632       0.9998727847217135       0.0011836764581376
 2459030.9318594001233578       0.9980211295868401       0.0011836764581376
 2459030.9526928998529911       0.9960116057384970       0.0011836764581376
 2459030.9735264000482857       0.9953946984522507       0.0011836764581376
 2459030.9943598997779191       0.9955539603509922       0.0011836764581376
 2459031.0151933999732137       0.9944796007246047       0.0011836764581376
 2459031.0568603998981416       0.9995719404664893       0.0011836764581376
 2459031.0776939000934362       0.9996595417636438       0.0011836764581376
 2459031.0985273998230696       1.0007233729460092       0.0011836764581376
 2459031.1193609000183642       0.9999717289940849       0.0011836764581376
 2459031.1401944002136588       0.9994769202988742       0.0011836764581376
 2459031.1610278999432921       1.0002469981526345       0.0011836764581376
 2459031.1818614001385868       1.0001839242775825       0.0011836764581376
 2459031.2026948998682201       0.9997049954751511       0.0011836764581376
 2459031.2235284000635147       0.9989729449755347       0.0011836764581376
 2459031.2443618997931480       0.9996922127597686       0.0011836764581376
 2459031.2651953999884427       0.9990841647866170       0.0011836764581376
 2459031.2860289001837373       1.0002355120955841       0.0011836764581376
 2459031.3068623999133706       1.0006599889461394       0.0011836764581376
 2459031.3276957999914885       1.0006475624617144       0.0011836764581376
 2459031.3485293001867831       0.9995124329809141       0.0011836764581376
 2459031.3693627999164164       0.9993856792414871       0.0011836764581376
 2459031.3901963001117110       0.9994590754496215       0.0011836764581376
 2459031.4110297998413444       0.9992464781239719       0.0011836764581376
 2459031.4318633000366390       0.9991980080015430       0.0011836764581376
 2459031.4526968002319336       0.9991694180177918       0.0011836764581376
 2459031.4735302999615669       0.9991406959429194       0.0011836764581376
 2459031.4943638001568615       0.9989449853729764       0.0011836764581376
 2459031.5360308000817895       0.9995812334840094       0.0011836764581376
 2459031.5568642998114228       1.0002563379210854       0.0011836764581376
 2459031.5985313002020121       1.0000981838386773       0.0011836764581376
 2459031.6193647999316454       0.9999393175210803       0.0011836764581376
 2459031.6401983001269400       1.0009223364832800       0.0011836764581376
 2459031.6610317002050579       1.0004423923855088       0.0011836764581376
 2459031.6818651999346912       1.0006463747172383       0.0011836764581376
 2459031.7026987001299858       0.9993156402706188       0.0011836764581376
 2459031.7235321998596191       1.0002208443819380       0.0011836764581376
 2459031.7443657000549138       0.9995233892329763       0.0011836764581376
 2459031.7651991997845471       1.0013870934719591       0.0011836764581376
 2459031.7860326999798417       1.0017640611986878       0.0011836764581376
 2459031.8068662001751363       1.0000651612713662       0.0011836764581376
 2459031.8276996999047697       0.9998588399705964       0.0011836764581376
 2459031.8485332001000643       0.9998650448739906       0.0011836764581376
 2459031.8693666998296976       1.0009341814540158       0.0011836764581376
 2459031.8902000999078155       0.9992761606397804       0.0011836764581376
 2459031.9110336001031101       0.9965298565245999       0.0011836764581376
 2459031.9318670998327434       0.9944118946993775       0.0011836764581376
 2459031.9527006000280380       0.9960591589767215       0.0011836764581376
 2459031.9735341002233326       0.9956827759365242       0.0011836764581376
 2459031.9943675999529660       0.9975617611153685       0.0011836764581376
 2459032.0152011001482606       0.9983606392014012       0.0011836764581376
 2459032.0360345998778939       0.9995612706365711       0.0011836764581376
 2459032.0568681000731885       1.0002458923663500       0.0011836764581376
 2459032.0777015998028219       0.9995861669761208       0.0011836764581376
 2459032.0985349998809397       1.0007249245396226       0.0011836764581376
 2459032.1193685000762343       0.9992481102840827       0.0011836764581376
 2459032.1402019998058677       1.0013113691516762       0.0011836764581376
 2459032.1610355000011623       1.0006018721137706       0.0011836764581376
 2459032.1818690001964569       1.0012571716068015       0.0011836764581376
 2459032.2027024999260902       1.0005925768778827       0.0011836764581376
 2459032.2235360001213849       1.0011883279653957       0.0011836764581376
 2459032.2443694998510182       1.0006838573754568       0.0011836764581376
 2459032.2652028999291360       1.0002886509871332       0.0011836764581376
 2459032.2860364001244307       1.0000650285350672       0.0011836764581376
 2459032.3068698998540640       1.0001619455356552       0.0011836764581376
 2459032.3693703999742866       1.0008525432834741       0.0011836764581376
 2459032.4110373998992145       0.9990913760567027       0.0011836764581376
 2459032.4318707999773324       0.9997789466342411       0.0011836764581376
 2459032.4527043001726270       0.9997962024841215       0.0011836764581376
 2459032.4735377999022603       0.9999527711876601       0.0011836764581376
 2459032.5360383000224829       1.0005808076158409       0.0011836764581376
 2459032.5568718002177775       1.0002728434254149       0.0011836764581376
 2459032.5777052999474108       1.0007867338622174       0.0011836764581376
 2459032.5985387000255287       1.0008938756730921       0.0011836764581376
 2459032.6193722002208233       1.0003603726737205       0.0011836764581376
 2459032.6402056999504566       1.0012493356920966       0.0011836764581376
 2459032.6610392001457512       1.0003318853335281       0.0011836764581376
 2459032.6818726998753846       0.9991700377125186       0.0011836764581376
 2459032.7027062000706792       1.0007143168348871       0.0011836764581376
 2459032.7235396998003125       1.0001811759463832       0.0011836764581376
 2459032.7443730998784304       1.0005083314560932       0.0011836764581376
 2459032.7652066000737250       1.0000515598532078       0.0011836764581376
 2459032.7860400998033583       0.9997518078264388       0.0011836764581376
 2459032.8068735999986529       0.9991791134115834       0.0011836764581376
 2459032.8277071001939476       0.9996342309193975       0.0011836764581376
 2459032.8485405999235809       0.9965473639791631       0.0011836764581376
 2459032.8693740000016987       0.9974174041164664       0.0011836764581376
 2459032.8902075001969934       0.9956895021763054       0.0011836764581376
 2459032.9110409999266267       0.9960994345916617       0.0011836764581376
 2459032.9318745001219213       0.9956709112713332       0.0011836764581376
 2459032.9527079998515546       0.9974287703655689       0.0011836764581376
 2459033.0152083998546004       1.0005611386559781       0.0011836764581376
 2459033.0360419000498950       0.9995470053914216       0.0011836764581376
 2459033.0777088999748230       0.9998390881376180       0.0011836764581376
 2459033.0985424001701176       1.0009260964329090       0.0011836764581376
 2459033.1193758998997509       1.0000933311352667       0.0011836764581376
 2459033.1402092999778688       1.0011919886802687       0.0011836764581376
 2459033.1610428001731634       0.9999865713520698       0.0011836764581376
 2459033.1818762999027967       1.0004294155485156       0.0011836764581376
 2459033.2235432998277247       1.0013081013309395       0.0011836764581376
 2459033.2443768000230193       0.9995793588665155       0.0011836764581376
 2459033.2652103002183139       1.0007485274229109       0.0011836764581376
 2459033.2860436998307705       1.0004819950778918       0.0011836764581376
 2459033.3068772000260651       0.9997984423473568       0.0011836764581376
 2459033.3277107002213597       0.9991059383004959       0.0011836764581376
 2459033.3485441999509931       1.0003039322792271       0.0011836764581376
 2459033.3693777001462877       0.9988413021034190       0.0011836764581376
 2459033.3902111998759210       0.9993501681733525       0.0011836764581376
 2459033.4110445999540389       0.9990430879146875       0.0011836764581376
 2459033.4318781001493335       1.0007459337186715       0.0011836764581376
 2459033.4527115998789668       1.0002682634429545       0.0011836764581376
 2459033.4735451000742614       1.0010274087293265       0.0011836764581376
 2459033.4943785998038948       0.9988651030417554       0.0011836764581376
 2459033.5152120999991894       0.9999286381181501       0.0011836764581376
 2459033.5360456001944840       0.9981926311005910       0.0011836764581376
 2459033.5568789998069406       1.0003441082742768       0.0011836764581376
 2459033.5777125000022352       1.0000117960259789       0.0011836764581376
 2459033.5985460001975298       0.9995615323325568       0.0011836764581376
 2459033.6193794999271631       1.0006231994647277       0.0011836764581376
 2459033.6402130001224577       1.0006695475813512       0.0011836764581376
 2459033.6610464998520911       0.9996745493378507       0.0011836764581376
 2459033.6818800000473857       1.0011286799708938       0.0011836764581376
 2459033.7027134001255035       0.9998921381030477       0.0011836764581376
 2459033.7235468998551369       0.9981383712507513       0.0011836764581376
 2459033.7443804000504315       0.9997487458900808       0.0011836764581376
 2459033.7652138997800648       0.9996573622728424       0.0011836764581376
 2459033.7860473999753594       1.0001882592184872       0.0011836764581376
 2459033.8068809001706541       0.9955881646675827       0.0011836764581376
 2459033.8277143999002874       0.9953901023261081       0.0011836764581376
 2459033.8485479000955820       0.9940488323147477       0.0011836764581376
 2459033.8693813001736999       0.9948701552338443       0.0011836764581376
 2459033.8902147999033332       0.9973711552218713       0.0011836764581376
 2459033.9110483000986278       0.9991088117192805       0.0011836764581376
 2459033.9318817998282611       0.9995576912859740       0.0011836764581376
 2459033.9527153000235558       1.0001940512113345       0.0011836764581376
 2459033.9735488002188504       0.9995258500294366       0.0011836764581376
 2459034.0152158001437783       0.9999320204229318       0.0011836764581376
 2459034.0360492002218962       1.0006222528812299       0.0011836764581376
 2459034.0568826999515295       1.0009180097535226       0.0011836764581376
 2459034.0777162001468241       1.0007165771735149       0.0011836764581376
 2459034.0985496998764575       0.9990669959544777       0.0011836764581376
 2459034.1193832000717521       1.0010277909652490       0.0011836764581376
 2459034.1402166998013854       0.9997383525780584       0.0011836764581376
 2459034.1610501999966800       0.9995984151336165       0.0011836764581376
 2459034.1818837001919746       1.0008264177692958       0.0011836764581376
 2459034.2027171999216080       0.9990355478029039       0.0011836764581376
 2459034.2235507001169026       1.0001406201522145       0.0011836764581376
 2459034.2443841001950204       0.9992332023581989       0.0011836764581376
 2459034.2652175999246538       1.0004086787112447       0.0011836764581376
 2459034.3068845998495817       1.0004468233803834       0.0011836764581376
 2459034.3277181000448763       0.9992537112930432       0.0011836764581376
 2459034.3485515997745097       0.9992242893023614       0.0011836764581376
 2459034.3693850999698043       1.0006968032763217       0.0011836764581376
 2459034.3902186001650989       1.0014164013934190       0.0011836764581376
 2459034.4110520998947322       0.9995890896297671       0.0011836764581376
 2459034.4318856000900269       1.0010073016758054       0.0011836764581376
 2459034.4527190998196602       1.0007522324479199       0.0011836764581376
 2459034.4735526000149548       0.9999278286797308       0.0011836764581376
 2459034.4943861002102494       1.0011728706639007       0.0011836764581376
 2459034.5152195999398828       1.0017540659147179       0.0011836764581376
 2459034.5360531001351774       1.0014523064523171       0.0011836764581376
 2459034.5568865998648107       1.0012313946990419       0.0011836764581376
 2459034.5777201000601053       1.0016708047322889       0.0011836764581376
 2459034.6818876001052558       1.0015439365719336       0.0011836764581376
 2459034.7652215999551117       0.9975324217401900       0.0011836764581376
 2459034.7860551001504064       0.9968876665074757       0.0011836764581376
 2459034.8068885998800397       0.9968132543263650       0.0011836764581376
 2459034.8485555998049676       0.9990070708649584       0.0011836764581376
 2459034.9318896001204848       1.0002976423949259       0.0011836764581376
 2459034.9735566000454128       1.0003183098848674       0.0011836764581376
 2459034.9943900997750461       0.9991599678981931       0.0011836764581376
 2459035.0568905998952687       1.0001979715221263       0.0011836764581376
 2459035.0985575001686811       0.9999680486526229       0.0011836764581376
