2456680.542822 0.997274 0.000747 1.24
2456680.543479 1.001180 0.000795 1.23
2456680.544144 0.998032 0.000818 1.23
2456680.544877 1.003590 0.000797 1.23
2456680.545578 1.000131 0.000736 1.23
2456680.546234 1.000530 0.000732 1.22
2456680.546937 0.999630 0.000733 1.22
2456680.547639 1.000129 0.000726 1.22
2456680.548365 0.999007 0.000718 1.21
2456680.549039 1.000981 0.000718 1.21
2456680.549697 0.999519 0.000716 1.21
2456680.550352 1.000583 0.000717 1.21
2456680.551017 0.999713 0.000709 1.20
2456680.551719 0.999686 0.000709 1.20
2456680.552378 0.999223 0.000709 1.20
2456680.553039 0.999560 0.000709 1.20
2456680.553773 1.000598 0.000702 1.19
2456680.554423 1.000459 0.000702 1.19
2456680.555093 1.001820 0.000702 1.19
2456680.555746 1.001548 0.000702 1.19
2456680.559860 0.999716 0.000687 1.17
2456680.560566 1.000441 0.000687 1.17
2456680.561211 0.998654 0.000686 1.17
2456680.561871 0.999736 0.000687 1.17
2456680.562528 1.000337 0.000680 1.16
2456680.563216 0.998253 0.000679 1.16
2456680.563902 1.000123 0.000681 1.16
2456680.564592 1.000775 0.000680 1.16
2456680.565249 1.000180 0.000680 1.16
2456680.565920 0.999508 0.000672 1.15
2456680.566598 0.999743 0.000673 1.15
2456680.567260 1.000297 0.000673 1.15
2456680.567902 0.999402 0.000673 1.15
2456680.568560 0.999123 0.000672 1.15
2456680.569213 0.998773 0.000666 1.14
2456680.569877 1.000660 0.000666 1.14
2456680.570539 0.999502 0.000666 1.14
2456680.571227 0.999332 0.000666 1.14
2456680.571905 0.999285 0.000665 1.14
2456680.572598 0.998669 0.000658 1.13
2456680.573282 0.998349 0.000658 1.13
2456680.573929 0.998427 0.000658 1.13
2456680.574593 0.997250 0.000657 1.13
2456680.575291 0.997433 0.000658 1.13
2456680.575962 0.997827 0.000658 1.13
2456680.576633 0.994298 0.000653 1.12
2456680.577297 0.999011 0.000653 1.12
2456680.577958 0.995876 0.000653 1.12
2456680.578707 0.997344 0.000653 1.12
2456680.579413 0.996710 0.000651 1.12
2456680.580060 0.994302 0.000643 1.11
2456680.580764 0.999772 0.000654 1.11
2456680.581443 0.995772 0.000643 1.11
2456680.582110 0.996171 0.000643 1.11
2456680.582826 0.995094 0.000642 1.11
2456680.583500 0.994143 0.000642 1.11
2456680.584172 0.992607 0.000641 1.11
2456680.584840 0.993254 0.000635 1.10
2456680.585494 0.991892 0.000634 1.10
2456680.586224 0.991760 0.000634 1.10
2456680.586873 0.991670 0.000634 1.10
2456680.587561 0.992014 0.000634 1.10
2456680.588229 0.990214 0.000636 1.10
2456680.588952 0.991742 0.000628 1.09
2456680.589611 0.990996 0.000627 1.09
2456680.590351 0.992088 0.000628 1.09
2456680.591050 0.990845 0.000627 1.09
2456680.591700 0.989402 0.000626 1.09
2456680.592400 0.989536 0.000626 1.09
2456680.593068 0.989954 0.000627 1.09
2456680.593720 0.995164 0.000662 1.08
2456680.594381 0.989037 0.000622 1.08
2456680.595038 0.989885 0.000628 1.08
2456680.595774 0.989019 0.000659 1.08
2456680.596429 0.991456 0.000629 1.08
2456680.597134 0.982022 0.000661 1.08
2456680.597849 0.998970 0.000668 1.08
2456680.598505 0.990991 0.000640 1.08
2456680.599183 0.990615 0.000632 1.07
2456680.599853 0.989476 0.000625 1.07
2456680.600513 0.988764 0.000618 1.07
2456680.601164 0.985957 0.000632 1.07
2456680.601829 0.988669 0.000615 1.07
2456680.602474 0.987691 0.000620 1.07
2456680.603132 0.989138 0.000623 1.07
2456680.603801 0.985822 0.000619 1.07
2456680.604462 0.987450 0.000613 1.07
2456680.605188 0.987676 0.000607 1.06
2456680.605869 0.987938 0.000607 1.06
2456680.606515 0.988730 0.000607 1.06
2456680.607170 0.987288 0.000607 1.06
2456680.607836 0.987553 0.000607 1.06
2456680.608525 0.987657 0.000607 1.06
2456680.609188 0.987641 0.000606 1.06
2456680.609838 0.987779 0.000606 1.06
2456680.610507 0.988144 0.000607 1.06
2456680.611157 0.988586 0.000607 1.06
2456680.611810 0.988265 0.000600 1.05
2456680.612492 0.987588 0.000600 1.05
2456680.613147 0.987887 0.000600 1.05
2456680.613802 0.988032 0.000600 1.05
2456680.614478 0.987940 0.000600 1.05
2456680.615147 0.987729 0.000600 1.05
2456680.615798 0.988831 0.000601 1.05
2456680.616470 0.988512 0.000601 1.05
2456680.617139 0.987819 0.000600 1.05
2456680.617785 0.988972 0.000601 1.05
2456680.618445 0.988140 0.000600 1.05
2456680.619138 0.987974 0.000600 1.05
2456680.619831 0.986822 0.000594 1.04
2456680.620470 0.987568 0.000594 1.04
2456680.621212 0.986996 0.000593 1.04
2456680.621938 0.987679 0.000594 1.04
2456680.622594 0.988961 0.000594 1.04
2456680.623291 0.990473 0.000595 1.04
2456680.623938 0.988101 0.000594 1.04
2456680.624593 0.989143 0.000595 1.04
2456680.625236 0.989003 0.000595 1.04
2456680.625967 0.989500 0.000595 1.04
2456680.626667 0.987720 0.000594 1.04
2456680.627306 0.988944 0.000594 1.04
2456680.627981 0.989614 0.000595 1.04
2456680.628677 0.987600 0.000594 1.04
2456680.629320 0.988770 0.000595 1.04
2456680.630068 0.988811 0.000589 1.03
2456680.630719 0.989096 0.000589 1.03
2456680.631442 0.989122 0.000589 1.03
2456680.632099 0.987279 0.000588 1.03
2456680.632777 0.990227 0.000589 1.03
2456680.633442 0.989660 0.000589 1.03
2456680.634099 0.989626 0.000589 1.03
2456680.634789 0.990490 0.000589 1.03
2456680.635503 0.990125 0.000589 1.03
2456680.636210 0.992914 0.000591 1.03
2456680.636889 0.990076 0.000589 1.03
2456680.637545 0.990642 0.000590 1.03
2456680.638197 0.990769 0.000590 1.03
2456680.638880 0.991338 0.000590 1.03
2456680.640292 0.991652 0.000590 1.03
2456680.640944 0.991075 0.000590 1.03
2456680.641596 0.991642 0.000590 1.03
2456680.642244 0.992765 0.000591 1.03
2456680.642900 0.993262 0.000591 1.03
2456680.643652 0.993398 0.000591 1.03
2456680.644307 0.993229 0.000591 1.03
2456680.644969 0.993052 0.000591 1.03
2456680.645697 0.992126 0.000591 1.03
2456680.646362 0.993980 0.000592 1.03
2456680.647037 0.994971 0.000586 1.02
2456680.647696 0.993745 0.000585 1.02
2456680.648353 0.994806 0.000586 1.02
2456680.649072 0.995618 0.000586 1.02
2456680.649728 0.996225 0.000587 1.02
2456680.650457 0.996238 0.000587 1.02
2456680.651116 0.995765 0.000587 1.02
2456680.651807 0.995495 0.000587 1.02
2456680.652462 0.997235 0.000588 1.02
2456680.653154 0.996613 0.000587 1.02
2456680.653820 0.998241 0.000588 1.02
2456680.654487 0.997365 0.000588 1.02
2456680.655174 0.998557 0.000588 1.02
2456680.655836 0.998379 0.000588 1.02
2456680.656491 0.999616 0.000588 1.02
2456680.657793 1.000083 0.000589 1.02
2456680.658447 0.999807 0.000589 1.02
2456680.659099 1.000049 0.000589 1.02
2456680.659758 0.999312 0.000589 1.02
2456680.660416 1.000012 0.000589 1.02
2456680.661083 0.999915 0.000589 1.02
2456680.661730 0.999358 0.000589 1.02
2456680.662393 0.998989 0.000588 1.02
2456680.663052 0.998663 0.000588 1.02
2456680.663716 0.999586 0.000589 1.02
2456680.664364 1.000315 0.000589 1.02
2456680.665030 0.999765 0.000589 1.02
2456680.665706 1.000019 0.000589 1.02
2456680.666450 0.999340 0.000589 1.02
2456680.667102 0.999374 0.000589 1.02
2456680.667761 1.000097 0.000589 1.02
2456680.668455 0.999398 0.000589 1.02
2456680.669144 0.998194 0.000589 1.02
2456680.669871 1.000250 0.000589 1.02
2456680.670523 1.000965 0.000590 1.02
2456680.671261 0.998880 0.000589 1.02
2456680.671987 1.000316 0.000590 1.02
2456680.672669 1.000065 0.000591 1.02
2456680.673331 0.998199 0.000591 1.02
2456680.674033 1.000467 0.000593 1.02
2456680.674707 1.001021 0.000606 1.03
2456680.675372 0.999932 0.000597 1.03
2456680.676025 0.999775 0.000596 1.03
2456680.676686 0.999655 0.000597 1.03
2456680.677374 1.001313 0.000599 1.03
2456680.678044 1.000409 0.000602 1.03
2456680.678739 0.999952 0.000600 1.03
2456680.679445 1.001028 0.000601 1.03
2456680.680175 1.000905 0.000600 1.03
2456680.681515 1.000777 0.000596 1.03
2456680.682214 1.000772 0.000596 1.03
2456680.682904 1.000633 0.000596 1.03
2456680.684264 0.999998 0.000595 1.03
2456680.684939 1.000717 0.000596 1.03
2456680.685596 1.000800 0.000596 1.03
2456680.686261 0.999974 0.000596 1.03
2456680.686984 1.000786 0.000596 1.03
2456680.687655 1.000805 0.000596 1.03
2456680.688397 1.000258 0.000596 1.03
2456680.689062 1.000874 0.000596 1.03
2456680.689718 0.999837 0.000596 1.03
2456680.690364 1.000015 0.000596 1.03
2456680.691016 0.999817 0.000596 1.03
