2457118.865711	0.996488	0.002534	1.384392	0.865711
2457118.865942	1.001137	0.002555	1.382870	0.865942
2457118.866185	0.993049	0.002543	1.381276	0.866185
2457118.866405	0.992978	0.002536	1.379839	0.866405
2457118.866637	0.997797	0.002534	1.378331	0.866637
2457118.866868	0.997439	0.002537	1.376828	0.866868
2457118.867100	0.997698	0.002540	1.375330	0.867100
2457118.867331	0.993280	0.002533	1.373837	0.867331
2457118.867563	0.994365	0.002530	1.372349	0.867563
2457118.867783	0.997868	0.002533	1.370939	0.867783
2457118.868014	0.989648	0.002524	1.369461	0.868014
2457118.868234	0.994238	0.002527	1.368060	0.868234
2457118.868454	0.991333	0.002526	1.366664	0.868454
2457118.868674	0.999031	0.002539	1.365272	0.868674
2457118.868917	0.993004	0.002528	1.363739	0.868917
2457118.869149	0.989507	0.002522	1.362284	0.869149
2457118.869380	0.993880	0.002532	1.360833	0.869380
2457118.869612	0.993465	0.002526	1.359388	0.869612
2457118.869820	0.993935	0.002529	1.358090	0.869820
2457118.870063	0.992276	0.002526	1.356582	0.870063
2457118.870306	0.996370	0.002534	1.355078	0.870306
2457118.870538	0.990689	0.002520	1.353651	0.870538
2457118.870757	0.994862	0.002528	1.352300	0.870757
2457118.870989	0.994228	0.002527	1.350882	0.870989
2457118.871209	0.999237	0.002536	1.349539	0.871209
2457118.871440	0.995948	0.002533	1.348130	0.871440
2457118.871683	0.989293	0.002518	1.346655	0.871683
2457118.871926	0.994190	0.002527	1.345186	0.871926
2457118.872170	0.995827	0.002531	1.343721	0.872170
2457118.872389	0.994716	0.002523	1.342400	0.872389
2457118.872621	0.991376	0.002519	1.341015	0.872621
2457118.872841	0.997224	0.002535	1.339702	0.872841
2457118.873072	0.993131	0.002523	1.338325	0.873072
2457118.873292	0.994889	0.002529	1.337021	0.873292
2457118.873512	0.997060	0.002530	1.335721	0.873512
2457118.873732	0.994247	0.002526	1.334425	0.873732
2457118.873964	0.988314	0.002511	1.333065	0.873964
2457118.874195	0.999071	0.002535	1.331709	0.874195
2457118.874427	0.989395	0.002526	1.330358	0.874427
2457118.874647	0.995326	0.002523	1.329078	0.874647
2457118.874866	0.991496	0.002517	1.327802	0.874866
2457118.875086	0.997367	0.002536	1.326530	0.875086
2457118.875306	0.997747	0.002535	1.325263	0.875306
2457118.875549	0.990775	0.002520	1.323866	0.875549
2457118.875769	0.996792	0.002530	1.322606	0.875769
2457118.876012	0.996219	0.002521	1.321218	0.876012
2457118.876221	0.992354	0.002518	1.320032	0.876221
2457118.876429	0.998594	0.002528	1.318850	0.876429
2457118.876672	0.995654	0.002526	1.317475	0.876672
2457118.876927	0.999451	0.002539	1.316040	0.876927
2457118.877158	0.994847	0.002525	1.314739	0.877158
2457118.877378	0.996715	0.002525	1.313507	0.877378
2457118.877610	0.992683	0.002523	1.312215	0.877610
2457118.877841	0.997773	0.002527	1.310926	0.877841
2457118.878061	0.989416	0.002507	1.309706	0.878061
2457118.878281	0.995445	0.002518	1.308490	0.878281
2457118.878524	0.994979	0.002532	1.307150	0.878524
2457118.878756	0.997074	0.002518	1.305878	0.878756
2457118.878987	0.994383	0.002522	1.304610	0.878987
2457118.879230	0.993754	0.002520	1.303283	0.879230
2457118.879473	0.996185	0.002530	1.301961	0.879473
2457118.879693	0.992414	0.002522	1.300769	0.879693
2457118.879925	0.997245	0.002530	1.299517	0.879925
2457118.880851	0.993731	0.002528	1.294552	0.880851
2457118.881522	0.997170	0.002520	1.290992	0.881522
2457118.881753	0.994518	0.002518	1.289772	0.881753
2457118.881985	0.988477	0.002509	1.288556	0.881985
2457118.882216	1.000113	0.002535	1.287343	0.882216
2457118.882448	0.991535	0.002510	1.286135	0.882448
2457118.882656	0.994129	0.002512	1.285051	0.882656
2457118.882888	1.001960	0.002522	1.283850	0.882888
2457118.883108	0.996283	0.002516	1.282713	0.883108
2457118.883327	0.994314	0.002518	1.281579	0.883327
2457118.883547	0.994544	0.002520	1.280449	0.883547
2457118.883779	0.988237	0.002510	1.279263	0.883779
2457118.884010	0.991863	0.002512	1.278081	0.884010
2457118.884242	0.995446	0.002514	1.276902	0.884242
2457118.884462	0.993606	0.002515	1.275786	0.884462
2457118.884682	0.990162	0.002504	1.274674	0.884682
2457118.884902	0.995617	0.002514	1.273564	0.884902
2457118.885122	0.992057	0.002512	1.272459	0.885122
2457118.885341	0.990686	0.002507	1.271356	0.885341
2457118.885561	0.991109	0.002506	1.270257	0.885561
2457118.885793	0.992563	0.002511	1.269104	0.885793
2457118.886001	0.995724	0.002516	1.268069	0.886001
2457118.886233	0.995580	0.002517	1.266923	0.886233
2457118.886464	0.995408	0.002514	1.265780	0.886464
2457118.886696	0.997441	0.002518	1.264641	0.886696
2457118.886916	0.996647	0.002514	1.263563	0.886916
2457118.887136	0.994009	0.002509	1.262487	0.887136
2457118.887355	0.992349	0.002507	1.261415	0.887355
2457118.887575	0.993135	0.002507	1.260346	0.887575
2457118.887818	0.991295	0.002508	1.259169	0.887818
2457118.888050	0.994331	0.002509	1.258051	0.888050
2457118.888281	0.990813	0.002507	1.256937	0.888281
2457118.888524	0.998252	0.002531	1.255771	0.888524
2457118.888744	0.995603	0.002510	1.254720	0.888744
2457118.888953	0.996294	0.002511	1.253726	0.888953
2457118.889161	0.988426	0.002497	1.252736	0.889161
2457118.889393	0.996475	0.002520	1.251639	0.889393
2457118.889624	1.000383	0.002523	1.250546	0.889624
2457118.889844	0.997022	0.002514	1.249510	0.889844
2457118.890064	0.988247	0.002500	1.248478	0.890064
2457118.890295	0.996285	0.002512	1.247394	0.890295
2457118.890538	0.991785	0.002504	1.246260	0.890538
2457118.890758	0.997477	0.002518	1.245238	0.890758
2457118.890978	0.990690	0.002503	1.244219	0.890978
2457118.891210	0.995408	0.002507	1.243149	0.891210
2457118.891441	0.990236	0.002502	1.242083	0.891441
2457118.891661	0.993239	0.002505	1.241073	0.891661
2457118.891881	0.992924	0.002512	1.240066	0.891881
2457118.892124	0.994399	0.002510	1.238957	0.892124
2457118.892367	0.990862	0.002507	1.237852	0.892367
2457118.892576	0.988552	0.002503	1.236908	0.892576
2457118.892796	0.994328	0.002503	1.235914	0.892796
2457118.893027	0.995705	0.002511	1.234871	0.893027
2457118.893247	0.995828	0.002509	1.233883	0.893247
2457118.893467	0.991122	0.002502	1.232898	0.893467
2457118.893698	0.993704	0.002508	1.231865	0.893698
2457118.893930	0.995887	0.002510	1.230835	0.893930
2457118.894150	0.993114	0.002510	1.229860	0.894150
2457118.894370	0.992269	0.002504	1.228887	0.894370
2457118.894590	0.993249	0.002510	1.227918	0.894590
2457118.894821	0.997762	0.002511	1.226901	0.894821
2457118.895041	1.000258	0.002529	1.225938	0.895041
2457118.895261	0.990609	0.002498	1.224977	0.895261
2457118.895492	0.997189	0.002515	1.223970	0.895492
2457118.895724	0.995475	0.002510	1.222965	0.895724
2457118.895944	0.997262	0.002509	1.222014	0.895944
2457118.896175	0.998775	0.002524	1.221016	0.896175
2457118.896418	0.996718	0.002515	1.219971	0.896418
2457118.896650	0.992880	0.002510	1.218979	0.896650
2457118.896881	0.990859	0.002495	1.217991	0.896881
2457118.897113	0.993503	0.002505	1.217006	0.897113
2457118.897344	0.991580	0.002495	1.216024	0.897344
2457118.897576	0.994531	0.002506	1.215045	0.897576
2457118.897819	0.998168	0.002510	1.214021	0.897819
2457118.898062	0.994114	0.002508	1.213000	0.898062
2457118.898293	0.990057	0.002493	1.212031	0.898293
2457118.898502	0.995579	0.002506	1.211161	0.898502
2457118.898733	0.995441	0.002502	1.210198	0.898733
2457118.898965	0.996811	0.002507	1.209238	0.898965
2457118.899208	0.993875	0.002497	1.208234	0.899208
2457118.899428	0.989365	0.002497	1.207328	0.899428
2457118.899671	0.995593	0.002503	1.206330	0.899671
2457118.899879	0.993766	0.002498	1.205477	0.899879
2457118.900111	0.997361	0.002516	1.204532	0.900111
2457118.900354	0.999507	0.002507	1.203543	0.900354
2457118.900585	0.994356	0.002504	1.202605	0.900585
2457118.900817	0.989241	0.002495	1.201670	0.900817
2457118.901037	0.995588	0.002513	1.200784	0.901037
2457118.901268	0.998117	0.002512	1.199854	0.901268
2457118.901500	0.994120	0.002501	1.198928	0.901500
2457118.901720	0.996960	0.002505	1.198051	0.901720
2457118.901951	0.992351	0.002495	1.197130	0.901951
2457118.902171	0.994494	0.002502	1.196258	0.902171
2457118.902414	0.990261	0.002489	1.195298	0.902414
2457118.902634	0.996990	0.002500	1.194432	0.902634
2457118.902854	0.994725	0.002495	1.193568	0.902854
2457118.903074	0.991243	0.002493	1.192708	0.903074
2457118.903305	0.991013	0.002489	1.191804	0.903305
2457118.903537	0.993548	0.002501	1.190904	0.903537
2457118.903780	0.993948	0.002494	1.189962	0.903780
2457118.904023	0.994055	0.002500	1.189023	0.904023
2457118.904266	0.996306	0.002500	1.188088	0.904266
2457118.904521	0.995084	0.002502	1.187111	0.904521
2457118.904752	0.992225	0.002492	1.186226	0.904752
2457118.904972	0.992774	0.002487	1.185388	0.904972
2457118.905204	0.987756	0.002486	1.184509	0.905204
2457118.905412	0.990967	0.002491	1.183720	0.905412
2457118.905643	0.992341	0.002487	1.182846	0.905643
2457118.905863	0.996713	0.002499	1.182019	0.905863
2457118.906083	0.991644	0.002492	1.181194	0.906083
2457118.906315	0.990628	0.002481	1.180328	0.906315
2457118.906535	0.991401	0.002486	1.179509	0.906535
2457118.906778	0.990801	0.002485	1.178606	0.906778
2457118.907021	1.001523	0.002509	1.177706	0.907021
2457118.907241	0.993178	0.002492	1.176894	0.907241
2457118.907472	0.990325	0.002483	1.176043	0.907472
2457118.907704	0.993957	0.002491	1.175194	0.907704
2457118.907924	0.994060	0.002490	1.174391	0.907924
2457118.908143	0.993006	0.002487	1.173590	0.908143
2457118.908363	0.997210	0.002497	1.172791	0.908363
2457118.908595	0.989187	0.002484	1.171953	0.908595
2457118.908815	0.997727	0.002499	1.171160	0.908815
2457118.909023	0.990427	0.002487	1.170410	0.909023
2457118.909266	0.994758	0.002493	1.169539	0.909266
2457118.909498	0.989811	0.002492	1.168712	0.909498
2457118.909718	0.989179	0.002484	1.167928	0.909718
2457118.909949	0.994684	0.002494	1.167107	0.909949
2457118.910181	0.995416	0.002488	1.166288	0.910181
2457118.910412	0.992452	0.002486	1.165471	0.910412
2457118.910644	0.995360	0.002490	1.164657	0.910644
2457118.910875	0.995894	0.002490	1.163846	0.910875
2457118.911107	0.992016	0.002486	1.163038	0.911107
2457118.911338	0.995453	0.002489	1.162233	0.911338
2457118.911581	0.995342	0.002490	1.161389	0.911581
2457118.911824	0.995181	0.002488	1.160549	0.911824
2457118.912056	0.991429	0.002483	1.159752	0.912056
2457118.912287	0.995310	0.002488	1.158957	0.912287
2457118.912530	0.991478	0.002482	1.158126	0.912530
2457118.912762	0.998059	0.002494	1.157337	0.912762
2457118.913005	0.990083	0.002478	1.156511	0.913005
2457118.913236	0.996647	0.002493	1.155727	0.913236
2457118.913468	0.995253	0.002488	1.154946	0.913468
2457118.913699	0.996814	0.002495	1.154167	0.913699
2457118.913931	0.994087	0.002488	1.153391	0.913931
2457118.914162	0.993652	0.002486	1.152617	0.914162
2457118.914394	0.993312	0.002483	1.151847	0.914394
2457118.914614	0.992224	0.002481	1.151117	0.914614
2457118.914845	0.991051	0.002478	1.150351	0.914845
2457118.915088	0.991093	0.002477	1.149550	0.915088
2457118.915297	0.997723	0.002490	1.148865	0.915297
2457118.915540	0.997023	0.002486	1.148069	0.915540
2457118.915771	0.995356	0.002484	1.147313	0.915771
2457118.916003	0.991087	0.002477	1.146560	0.916003
2457118.916223	0.993521	0.002480	1.145848	0.916223
2457118.916442	0.995600	0.002499	1.145137	0.916442
2457118.916662	0.993458	0.002475	1.144428	0.916662
2457118.916905	0.992532	0.002480	1.143648	0.916905
2457118.917137	0.992317	0.002482	1.142907	0.917137
2457118.917380	0.993402	0.002483	1.142133	0.917380
2457118.917588	0.994327	0.002485	1.141471	0.917588
2457118.917831	0.994534	0.002484	1.140701	0.917831
2457118.918074	0.992633	0.002482	1.139934	0.918074
2457118.918318	0.992363	0.002481	1.139169	0.918318
2457118.918549	0.997855	0.002494	1.138444	0.918549
2457118.918781	0.997509	0.002498	1.137721	0.918781
2457118.919035	0.998513	0.002498	1.136929	0.919035
2457118.919278	0.992698	0.002488	1.136175	0.919278
2457118.919510	0.993164	0.002487	1.135460	0.919510
2457118.919741	0.996136	0.002497	1.134747	0.919741
2457118.919973	0.995430	0.002493	1.134037	0.919973
2457118.920204	0.993944	0.002494	1.133329	0.920204
2457118.920436	0.992846	0.002485	1.132624	0.920436
2457118.920667	0.994356	0.002485	1.131921	0.920667
2457118.920899	0.998222	0.002485	1.131220	0.920899
2457118.921142	0.992568	0.002476	1.130487	0.921142
2457118.921350	0.992816	0.002483	1.129861	0.921350
2457118.921582	0.993390	0.002477	1.129168	0.921582
2457118.921790	0.994655	0.002478	1.128546	0.921790
2457118.922021	0.994335	0.002479	1.127857	0.922021
2457118.922241	0.997534	0.002482	1.127204	0.922241
2457118.922461	0.992863	0.002478	1.126554	0.922461
2457118.922681	0.991030	0.002473	1.125906	0.922681
2457118.922901	0.993991	0.002478	1.125260	0.922901
2457118.923121	0.993525	0.002483	1.124617	0.923121
2457118.923353	0.992820	0.002479	1.123941	0.923353
2457118.923607	0.993673	0.002480	1.123201	0.923607
2457118.923816	0.994217	0.002483	1.122598	0.923816
2457118.924047	0.997655	0.002491	1.121930	0.924047
2457118.924290	0.994054	0.002483	1.121230	0.924290
2457118.924522	0.994050	0.002478	1.120567	0.924522
2457118.924741	0.994298	0.002479	1.119939	0.924741
2457118.924985	0.994294	0.002477	1.119247	0.924985
2457118.925216	0.993853	0.002480	1.118590	0.925216
2457118.925436	0.991129	0.002474	1.117969	0.925436
2457118.925656	0.995457	0.002483	1.117349	0.925656
2457118.925887	0.993928	0.002478	1.116700	0.925887
2457118.926107	0.994983	0.002482	1.116084	0.926107
2457118.926373	0.995450	0.002481	1.115342	0.926373
2457118.926605	0.992691	0.002474	1.114700	0.926605
2457118.926813	0.995261	0.002477	1.114123	0.926813
2457118.927056	0.995514	0.002483	1.113453	0.927056
2457118.927276	0.989869	0.002476	1.112848	0.927276
2457118.927508	0.996273	0.002480	1.112214	0.927508
2457118.927762	0.994560	0.002480	1.111520	0.927762
2457118.928006	0.995201	0.002478	1.110859	0.928006
2457118.928249	0.996504	0.002479	1.110201	0.928249
2457118.928469	0.995673	0.002486	1.109608	0.928469
2457118.928677	0.994406	0.002478	1.109048	0.928677
2457118.928908	0.993004	0.002477	1.108427	0.928908
2457118.929128	0.991338	0.002467	1.107840	0.929128
2457118.929348	0.994827	0.002481	1.107255	0.929348
2457118.929568	0.991293	0.002485	1.106671	0.929568
2457118.929788	0.996016	0.002483	1.106090	0.929788
2457118.930008	0.994762	0.002486	1.105511	0.930008
2457118.930251	0.994149	0.002489	1.104873	0.930251
2457118.930482	0.991093	0.002480	1.104268	0.930482
2457118.930702	0.992906	0.002483	1.103695	0.930702
2457118.930934	0.994784	0.002483	1.103094	0.930934
2457118.931165	0.996503	0.002488	1.102495	0.931165
2457118.931385	0.992420	0.002477	1.101928	0.931385
2457118.931628	0.990681	0.002474	1.101303	0.931628
2457118.931860	0.995090	0.002483	1.100711	0.931860
2457118.932091	0.992974	0.002475	1.100121	0.932091
2457118.932323	0.997453	0.002487	1.099533	0.932323
2457118.932566	0.993719	0.002480	1.098918	0.932566
2457118.932797	0.993749	0.002482	1.098334	0.932797
2457118.933017	0.994574	0.002477	1.097782	0.933017
2457118.933260	0.999645	0.002491	1.097173	0.933260
2457118.933480	0.990594	0.002473	1.096625	0.933480
2457118.933700	0.999379	0.002490	1.096079	0.933700
2457118.933932	0.997541	0.002486	1.095505	0.933932
2457118.934152	0.990736	0.002473	1.094963	0.934152
2457118.934360	0.994435	0.002485	1.094451	0.934360
2457118.934580	0.995268	0.002482	1.093912	0.934580
2457118.934823	0.992590	0.002479	1.093319	0.934823
2457118.935054	0.994741	0.002481	1.092756	0.935054
2457118.935286	0.992349	0.002473	1.092195	0.935286
2457118.935494	0.996069	0.002477	1.091692	0.935494
2457118.935726	0.994701	0.002479	1.091135	0.935726
2457118.935980	0.989917	0.002472	1.090525	0.935980
2457118.936200	0.994651	0.002482	1.090000	0.936200
2457118.936443	0.993009	0.002473	1.089422	0.936443
2457118.936675	0.996242	0.002481	1.088874	0.936675
2457118.936906	0.991466	0.002474	1.088328	0.936906
2457118.937126	0.993725	0.002473	1.087811	0.937126
2457118.937346	0.993770	0.002483	1.087296	0.937346
2457118.937589	0.991703	0.002477	1.086728	0.937589
2457118.937809	0.991173	0.002473	1.086217	0.937809
2457118.938029	0.992721	0.002474	1.085708	0.938029
2457118.938272	0.994467	0.002477	1.085147	0.938272
2457118.938515	0.994857	0.002478	1.084588	0.938515
2457118.938747	0.997071	0.002483	1.084058	0.938747
2457118.938978	0.994968	0.002477	1.083531	0.938978
2457118.939198	0.994546	0.002474	1.083031	0.939198
2457118.939407	0.992309	0.002475	1.082559	0.939407
2457118.939638	0.998005	0.002481	1.082037	0.939638
2457118.939870	0.992217	0.002471	1.081517	0.939870
2457118.940113	0.993801	0.002476	1.080973	0.940113
2457118.940344	0.992681	0.002471	1.080457	0.940344
2457118.940576	0.995104	0.002476	1.079943	0.940576
2457118.940807	0.994314	0.002478	1.079431	0.940807
2457118.941050	0.992320	0.002473	1.078896	0.941050
2457118.941282	0.993422	0.002469	1.078388	0.941282
2457118.941525	0.996063	0.002477	1.077857	0.941525
2457118.941745	0.997830	0.002477	1.077378	0.941745
2457118.941976	0.995872	0.002476	1.076877	0.941976
2457118.942231	0.989699	0.002470	1.076327	0.942231
2457118.942462	0.994292	0.002473	1.075829	0.942462
2457118.942694	0.995557	0.002477	1.075333	0.942694
2457118.942925	0.996758	0.002480	1.074839	0.942925
2457118.943145	0.995818	0.002480	1.074372	0.943145
2457118.943377	0.993340	0.002473	1.073882	0.943377
2457118.943597	0.991250	0.002470	1.073418	0.943597
2457118.943840	0.995592	0.002480	1.072908	0.943840
2457118.944060	0.990701	0.002471	1.072448	0.944060
2457118.944279	0.997409	0.002488	1.071990	0.944279
2457118.944511	0.993568	0.002477	1.071509	0.944511
2457118.944754	0.998458	0.002488	1.071007	0.944754
2457118.944974	0.994955	0.002484	1.070554	0.944974
2457118.945217	0.993142	0.002469	1.070056	0.945217
2457118.945437	0.993908	0.002469	1.069607	0.945437
2457118.945668	0.991920	0.002466	1.069136	0.945668
2457118.945877	1.001529	0.002487	1.068714	0.945877
2457118.946108	0.992947	0.002474	1.068247	0.946108
2457118.946340	0.996293	0.002482	1.067782	0.946340
2457118.946571	0.998980	0.002488	1.067318	0.946571
2457118.946803	0.997469	0.002481	1.066857	0.946803
2457118.947046	0.992564	0.002474	1.066375	0.947046
2457118.947300	0.997004	0.002477	1.065871	0.947300
2457118.947532	0.995705	0.002480	1.065416	0.947532
2457118.947775	0.995449	0.002480	1.064940	0.947775
2457118.947995	0.994792	0.002483	1.064511	0.947995
2457118.948215	0.999497	0.002484	1.064083	0.948215
2457118.948435	0.994458	0.002489	1.063658	0.948435
2457118.948666	0.992987	0.002484	1.063212	0.948666
2457118.948909	0.990911	0.002471	1.062745	0.948909
2457118.949164	0.994732	0.002480	1.062259	0.949164
2457118.949395	0.992824	0.002474	1.061818	0.949395
2457118.949627	0.996035	0.002483	1.061380	0.949627
2457118.949847	0.995730	0.002482	1.060965	0.949847
2457118.950055	0.995052	0.002484	1.060574	0.950055
2457118.950298	0.990498	0.002476	1.060119	0.950298
2457118.950553	0.991651	0.002477	1.059645	0.950553
2457118.950773	0.992877	0.002476	1.059237	0.950773
2457118.951004	0.993502	0.002473	1.058810	0.951004
2457118.951236	0.993584	0.002475	1.058384	0.951236
2457118.951467	0.997694	0.002482	1.057961	0.951467
2457118.951687	0.995805	0.002476	1.057560	0.951687
2457118.951907	0.992489	0.002467	1.057161	0.951907
2457118.952139	0.994917	0.002474	1.056742	0.952139
2457118.952382	0.995457	0.002477	1.056305	0.952382
2457118.952590	0.990388	0.002469	1.055932	0.952590
2457118.952821	0.995864	0.002476	1.055519	0.952821
2457118.953053	0.997802	0.002477	1.055107	0.953053
2457118.953284	0.994464	0.002475	1.054698	0.953284
2457118.953504	0.993835	0.002472	1.054311	0.953504
2457118.953747	0.997738	0.002478	1.053885	0.953747
2457118.953991	0.995530	0.002474	1.053461	0.953991
2457118.954222	0.993675	0.002481	1.053059	0.954222
2457118.954442	0.992428	0.002468	1.052678	0.954442
2457118.954662	0.996810	0.002480	1.052300	0.954662
2457118.954893	0.993525	0.002473	1.051903	0.954893
2457118.955194	0.992477	0.002475	1.051390	0.955194
2457118.955426	0.993283	0.002473	1.050997	0.955426
2457118.955646	0.993261	0.002472	1.050626	0.955646
2457118.955866	0.989856	0.002461	1.050256	0.955866
2457118.956097	0.992613	0.002470	1.049868	0.956097
2457118.956329	0.991790	0.002478	1.049483	0.956329
2457118.956560	0.995774	0.002474	1.049099	0.956560
2457118.956792	0.993950	0.002474	1.048716	0.956792
2457118.957023	0.990070	0.002463	1.048336	0.957023
2457118.957243	0.992145	0.002466	1.047976	0.957243
2457118.957486	0.997247	0.002474	1.047580	0.957486
2457118.957729	0.996667	0.002475	1.047187	0.957729
2457118.957961	0.992407	0.002472	1.046813	0.957961
2457118.958181	0.990608	0.002465	1.046460	0.958181
2457118.958400	0.995527	0.002471	1.046109	0.958400
2457118.958620	0.992872	0.002466	1.045759	0.958620
2457118.958863	0.995956	0.002476	1.045374	0.958863
2457118.959141	0.994713	0.002474	1.044937	0.959141
2457118.959384	0.993267	0.002474	1.044556	0.959384
2457118.959604	0.994852	0.002478	1.044213	0.959604
2457118.959870	0.991456	0.002469	1.043800	0.959870
2457118.960102	0.994356	0.002468	1.043443	0.960102
2457118.960322	0.994913	0.002477	1.043106	0.960322
2457118.960553	0.994121	0.002467	1.042752	0.960553
2457118.960773	0.991135	0.002462	1.042417	0.960773
2457118.961028	0.992556	0.002466	1.042032	0.961028
2457118.961248	0.996433	0.002477	1.041701	0.961248
2457118.961491	0.997296	0.002475	1.041337	0.961491
2457118.961722	0.994498	0.002474	1.040992	0.961722
2457118.961954	0.997500	0.002469	1.040648	0.961954
2457118.962197	0.995830	0.002474	1.040290	0.962197
2457118.962440	0.995609	0.002474	1.039933	0.962440
2457118.962660	0.993604	0.002469	1.039612	0.962660
2457118.962880	0.994001	0.002469	1.039292	0.962880
2457118.963100	0.993587	0.002467	1.038974	0.963100
2457118.963331	1.000463	0.002477	1.038641	0.963331
2457118.963563	0.994027	0.002469	1.038309	0.963563
2457118.963794	0.994511	0.002467	1.037979	0.963794
2457118.964014	0.995011	0.002473	1.037668	0.964014
2457118.964234	0.995720	0.002471	1.037358	0.964234
2457118.964466	0.996806	0.002474	1.037033	0.964466
2457118.964685	0.993370	0.002468	1.036726	0.964685
2457118.964917	0.994182	0.002473	1.036404	0.964917
2457118.965148	0.997340	0.002478	1.036084	0.965148
2457118.965368	0.990899	0.002465	1.035782	0.965368
2457118.965588	0.996937	0.002473	1.035481	0.965588
2457118.965808	0.990335	0.002463	1.035181	0.965808
2457118.966028	0.993635	0.002465	1.034884	0.966028
2457118.966236	0.990446	0.002463	1.034603	0.966236
2457118.966480	0.993956	0.002465	1.034277	0.966480
2457118.966688	0.993312	0.002466	1.033999	0.966688
2457118.966931	0.998740	0.002475	1.033677	0.966931
2457118.967162	0.994196	0.002467	1.033371	0.967162
2457118.967382	0.996208	0.002467	1.033083	0.967382
2457118.967602	0.994761	0.002468	1.032796	0.967602
2457118.967822	0.993523	0.002466	1.032510	0.967822
2457118.968042	0.992782	0.002466	1.032226	0.968042
2457118.968262	0.996302	0.002472	1.031943	0.968262
2457118.968494	0.994765	0.002468	1.031648	0.968494
2457118.968713	0.992929	0.002466	1.031368	0.968713
2457118.968922	0.993193	0.002464	1.031105	0.968922
2457118.969142	0.993977	0.002467	1.030828	0.969142
2457118.969350	0.994324	0.002463	1.030567	0.969350
2457118.969593	0.991673	0.002462	1.030265	0.969593
2457118.969825	0.996959	0.002469	1.029978	0.969825
2457118.970056	0.994764	0.002468	1.029694	0.970056
2457118.970276	0.997256	0.002474	1.029425	0.970276
2457118.970508	0.993251	0.002461	1.029143	0.970508
2457118.970727	0.996293	0.002466	1.028877	0.970727
2457118.970970	0.993782	0.002465	1.028585	0.970970
2457118.971202	0.994858	0.002468	1.028308	0.971202
2457118.971445	0.995779	0.002468	1.028019	0.971445
2457118.971700	0.994232	0.002465	1.027719	0.971700
2457118.971943	0.992432	0.002460	1.027434	0.971943
2457118.972197	0.998516	0.002473	1.027137	0.972197
2457118.972429	0.999194	0.002471	1.026869	0.972429
2457118.972637	0.991716	0.002456	1.026629	0.972637
2457118.972869	0.996581	0.002468	1.026364	0.972869
2457118.973089	0.995629	0.002469	1.026114	0.973089
2457118.973309	0.994235	0.002468	1.025865	0.973309
2457118.973540	0.995078	0.002473	1.025604	0.973540
2457118.973772	0.996983	0.002472	1.025346	0.973772
2457118.973991	0.994088	0.002465	1.025101	0.973991
2457118.974223	0.997349	0.002467	1.024846	0.974223
2457118.974443	0.994053	0.002463	1.024604	0.974443
2457118.974674	0.994182	0.002460	1.024352	0.974674
2457118.974917	0.995778	0.002460	1.024088	0.974917
2457118.975149	0.994965	0.002461	1.023839	0.975149
2457118.975369	0.993187	0.002460	1.023604	0.975369
2457118.975600	0.994173	0.002462	1.023358	0.975600
2457118.975832	0.996478	0.002463	1.023113	0.975832
2457118.976063	0.995109	0.002464	1.022870	0.976063
2457118.976283	0.996788	0.002468	1.022641	0.976283
2457118.976503	0.993664	0.002459	1.022413	0.976503
2457118.976723	0.997329	0.002469	1.022187	0.976723
2457118.976955	0.994152	0.002463	1.021950	0.976955
2457118.977163	0.996732	0.002466	1.021738	0.977163
2457118.977394	0.993347	0.002460	1.021504	0.977394
2457118.977684	0.996201	0.002465	1.021214	0.977684
2457118.977927	0.992655	0.002457	1.020973	0.977927
2457118.978158	0.992324	0.002455	1.020744	0.978158
2457118.978401	0.997303	0.002462	1.020506	0.978401
2457118.978633	0.996309	0.002471	1.020280	0.978633
2457118.978853	0.996662	0.002464	1.020068	0.978853
2457118.979084	0.996078	0.002465	1.019845	0.979084
2457118.979316	0.994671	0.002458	1.019625	0.979316
2457118.979536	0.995508	0.002460	1.019416	0.979536
2457118.979767	0.994276	0.002464	1.019199	0.979767
2457118.979999	0.998038	0.002467	1.018983	0.979999
2457118.980230	0.993871	0.002462	1.018768	0.980230
2457118.980450	0.996385	0.002470	1.018566	0.980450
2457118.980693	0.998702	0.002467	1.018343	0.980693
2457118.980925	0.996762	0.002473	1.018134	0.980925
2457118.981156	0.996864	0.002469	1.017925	0.981156
2457118.981388	0.997872	0.002464	1.017718	0.981388
2457118.981608	0.996165	0.002466	1.017523	0.981608
2457118.981839	0.997280	0.002470	1.017320	0.981839
2457118.982059	0.994322	0.002457	1.017128	0.982059
2457118.982279	0.998492	0.002462	1.016937	0.982279
2457118.982534	0.998023	0.002463	1.016718	0.982534
2457118.982777	0.998668	0.002470	1.016510	0.982777
2457118.983020	0.999217	0.002467	1.016305	0.983020
2457118.983240	0.995016	0.002461	1.016120	0.983240
2457118.983460	0.999571	0.002474	1.015937	0.983460
2457118.983679	1.000781	0.002472	1.015755	0.983679
2457118.983911	1.000223	0.002478	1.015565	0.983911
2457118.984154	1.000187	0.002482	1.015367	0.984154
2457118.984385	0.996494	0.002474	1.015181	0.984385
2457118.984617	0.997765	0.002479	1.014995	0.984617
2457118.984837	0.995832	0.002473	1.014821	0.984837
2457118.985068	0.997902	0.002467	1.014639	0.985068
2457118.985288	0.999151	0.002474	1.014467	0.985288
2457118.985508	0.996033	0.002468	1.014296	0.985508
2457118.985740	0.996631	0.002469	1.014119	0.985740
2457118.985983	0.994969	0.002466	1.013934	0.985983
2457118.986226	0.999458	0.002469	1.013750	0.986226
2457118.986457	0.993210	0.002460	1.013577	0.986457
2457118.986677	0.994807	0.002463	1.013414	0.986677
2457118.986920	0.999167	0.002467	1.013236	0.986920
2457118.987152	0.998289	0.002465	1.013067	0.987152
2457118.987372	0.994967	0.002461	1.012909	0.987372
2457118.987603	0.997043	0.002464	1.012743	0.987603
2457118.987823	0.998384	0.002469	1.012587	0.987823
2457118.988078	0.996245	0.002463	1.012408	0.988078
2457118.988309	0.996997	0.002469	1.012248	0.988309
2457118.988541	0.992019	0.002459	1.012088	0.988541
2457118.988784	1.000399	0.002475	1.011922	0.988784
2457118.989015	0.999944	0.002473	1.011766	0.989015
2457118.989247	1.000523	0.002481	1.011611	0.989247
2457118.989478	0.995461	0.002481	1.011458	0.989478
2457118.989733	0.999966	0.002480	1.011291	0.989733
2457118.989964	0.999828	0.002476	1.011141	0.989964
2457118.990196	0.996466	0.002473	1.010993	0.990196
2457118.990427	0.998066	0.002473	1.010846	0.990427
2457118.990647	0.998477	0.002476	1.010707	0.990647
2457118.990890	0.994593	0.002458	1.010556	0.990890
2457118.991157	0.996775	0.002466	1.010392	0.991157
2457118.991400	0.999675	0.002470	1.010245	0.991400
2457118.991631	0.998328	0.002470	1.010105	0.991631
2457118.991851	0.997152	0.002472	1.009975	0.991851
2457118.992094	0.996337	0.002468	1.009831	0.992094
2457118.992314	0.997897	0.002473	1.009703	0.992314
2457118.992557	0.999074	0.002469	1.009563	0.992557
2457118.992789	0.997532	0.002469	1.009432	0.992789
2457118.993020	1.000501	0.002471	1.009302	0.993020
2457118.993263	0.993588	0.002464	1.009166	0.993263
2457118.993506	0.998375	0.002468	1.009033	0.993506
2457118.993715	0.998190	0.002470	1.008920	0.993715
2457118.993935	1.000743	0.002473	1.008802	0.993935
2457118.994166	1.001184	0.002468	1.008679	0.994166
2457118.994386	0.999660	0.002469	1.008564	0.994386
2457118.994606	1.000108	0.002467	1.008450	0.994606
2457118.994826	1.000413	0.002475	1.008337	0.994826
2457118.995046	1.000720	0.002475	1.008226	0.995046
2457118.995266	0.998921	0.002464	1.008116	0.995266
2457118.995497	0.997932	0.002471	1.008002	0.995497
2457118.995717	0.996702	0.002464	1.007895	0.995717
2457118.995949	0.998841	0.002470	1.007783	0.995949
2457118.996180	0.996694	0.002462	1.007673	0.996180
2457118.996412	0.997747	0.002462	1.007565	0.996412
2457118.996620	0.998781	0.002469	1.007469	0.996620
2457118.996840	0.997382	0.002465	1.007368	0.996840
2457118.997071	1.000587	0.002474	1.007264	0.997071
2457118.997337	0.998296	0.002471	1.007146	0.997337
2457118.997557	1.000818	0.002475	1.007050	0.997557
2457118.997777	0.998691	0.002477	1.006956	0.997777
2457118.997997	0.999109	0.002478	1.006863	0.997997
2457118.998229	1.000464	0.002472	1.006766	0.998229
2457118.998472	0.999590	0.002472	1.006666	0.998472
2457118.998692	1.001474	0.002471	1.006577	0.998692
2457118.998912	0.994220	0.002461	1.006489	0.998912
2457118.999155	1.000790	0.002473	1.006394	0.999155
2457118.999386	0.994692	0.002456	1.006304	0.999386
2457118.999629	1.002099	0.002474	1.006212	0.999629
2457118.999838	1.000837	0.002476	1.006134	0.999838
2457119.000058	0.997342	0.002468	1.006054	0.000058
2457119.000289	1.001745	0.002476	1.005970	0.000289
2457119.000520	1.000284	0.002473	1.005888	0.000520
2457119.000752	1.002111	0.002476	1.005807	0.000752
2457119.000983	1.003356	0.002484	1.005728	0.000983
2457119.001203	1.005435	0.002489	1.005654	0.001203
2457119.001446	1.003231	0.002473	1.005574	0.001446
2457119.001666	1.000787	0.002474	1.005503	0.001666
2457119.001886	1.001297	0.002477	1.005433	0.001886
2457119.002129	1.001447	0.002472	1.005358	0.002129
2457119.002349	1.003162	0.002477	1.005291	0.002349
2457119.002581	0.997381	0.002462	1.005222	0.002581
2457119.002801	0.998925	0.002471	1.005158	0.002801
2457119.003055	1.002038	0.002477	1.005085	0.003055
2457119.003287	1.001416	0.002482	1.005021	0.003287
2457119.003507	0.999745	0.002478	1.004961	0.003507
2457119.003727	0.997318	0.002462	1.004902	0.003727
2457119.003970	1.000324	0.002478	1.004839	0.003970
2457119.004213	1.001307	0.002476	1.004777	0.004213
2457119.004421	1.003476	0.002478	1.004726	0.004421
2457119.004641	1.000925	0.002468	1.004673	0.004641
2457119.004873	0.998270	0.002473	1.004618	0.004873
2457119.005104	0.999848	0.002476	1.004565	0.005104
2457119.005324	1.000198	0.002472	1.004516	0.005324
2457119.005555	1.003598	0.002475	1.004466	0.005555
2457119.005775	0.997758	0.002470	1.004420	0.005775
2457119.005995	1.001487	0.002482	1.004375	0.005995
2457119.006227	1.002168	0.002481	1.004329	0.006227
2457119.006458	0.997764	0.002475	1.004284	0.006458
2457119.006690	1.000390	0.002478	1.004241	0.006690
2457119.006933	0.995409	0.002470	1.004198	0.006933
2457119.007153	1.001394	0.002482	1.004160	0.007153
2457119.007373	1.001242	0.002483	1.004123	0.007373
2457119.007616	1.001491	0.002491	1.004084	0.007616
2457119.007836	1.001363	0.002485	1.004050	0.007836
2457119.008056	0.998910	0.002480	1.004018	0.008056
2457119.008287	0.999007	0.002481	1.003985	0.008287
2457119.008507	0.999058	0.002481	1.003955	0.008507
2457119.008738	0.997201	0.002472	1.003925	0.008738
2457119.008970	1.000957	0.002484	1.003896	0.008970
2457119.009236	1.001720	0.002487	1.003865	0.009236
2457119.009479	1.000714	0.002489	1.003839	0.009479
2457119.009734	0.997913	0.002482	1.003812	0.009734
2457119.009954	0.997322	0.002481	1.003791	0.009954